0 0.276129 0.543333 0.108537 0.450813
0 0.186701 0.484385 0.088152 0.270830
0 0.106925 0.590030 0.175494 0.240000
56 0.114266 0.707316 0.146530 0.167737
56 0.051725 0.829512 0.102287 0.281107
73 0.469979 0.843769 0.119313 0.079615
39 0.448502 0.624611 0.025709 0.134162
67 0.435362 0.731648 0.036031 0.020638
41 0.449859 0.673443 0.023215 0.086437
56 0.096513 0.550587 0.056727 0.077007
26 0.666198 0.939657 0.108570 0.120348
67 0.512321 0.745627 0.038118 0.023541
56 0.016004 0.568755 0.031878 0.098265
