56 0.878031 0.853610 0.186273 0.292781
56 0.708781 0.751150 0.165668 0.296781
0 0.581847 0.504794 0.107658 0.129676
56 0.905546 0.656022 0.138902 0.199396
0 0.428534 0.519763 0.087864 0.161205
63 0.511065 0.575467 0.075690 0.064332
63 0.650153 0.544467 0.071364 0.056006
56 0.736691 0.534437 0.086429 0.073743
2 0.160946 0.852513 0.321893 0.294974
56 0.373462 0.555353 0.037549 0.079239
56 0.162401 0.851648 0.323519 0.290693
56 0.183979 0.755864 0.197049 0.244322
0 0.431786 0.645698 0.095609 0.404227
63 0.728044 0.533604 0.064444 0.075913
