56 0.709412 0.749753 0.167712 0.297034
56 0.879023 0.853714 0.185738 0.291966
0 0.575427 0.505514 0.100230 0.130629
56 0.902934 0.651638 0.134502 0.188917
0 0.421885 0.517636 0.091590 0.163906
63 0.507828 0.576942 0.082929 0.066414
56 0.737671 0.538419 0.087019 0.082785
63 0.655467 0.545266 0.060718 0.052431
2 0.161550 0.850207 0.322173 0.299585
62 0.247561 0.532278 0.088075 0.094645
56 0.162838 0.849425 0.323317 0.298356
0 0.424874 0.639701 0.101950 0.400624
73 0.286959 0.584778 0.101310 0.040225
