63 0.322576 0.669105 0.161947 0.160438
56 0.173083 0.865977 0.304259 0.265126
0 0.469728 0.781177 0.311237 0.426786
56 0.511037 0.837912 0.214044 0.323534
0 0.686130 0.564579 0.107304 0.223053
56 0.844279 0.631180 0.143724 0.228163
56 0.739031 0.683970 0.100358 0.225737
66 0.434205 0.615039 0.094703 0.041532
63 0.588989 0.545181 0.074276 0.066319
62 0.484801 0.545991 0.075681 0.093136
56 0.642354 0.765489 0.138054 0.348916
63 0.486653 0.545280 0.077140 0.090819
66 0.318349 0.712376 0.109472 0.056602
63 0.435321 0.609219 0.090473 0.052995
62 0.531801 0.519139 0.034892 0.066248
