0 0.463378 0.778343 0.300040 0.437603
63 0.321314 0.671865 0.158806 0.161875
56 0.172407 0.868340 0.292512 0.260931
0 0.690447 0.549927 0.112628 0.206177
56 0.852167 0.633395 0.130163 0.227592
56 0.750394 0.692413 0.112098 0.254532
56 0.637758 0.763336 0.140398 0.365065
66 0.435371 0.618085 0.096541 0.043453
64 0.244288 0.753336 0.046923 0.029931
56 0.506457 0.851724 0.217468 0.296551
62 0.480686 0.548503 0.078816 0.094190
66 0.024079 0.808999 0.046110 0.061223
63 0.601291 0.552309 0.088866 0.069348
66 0.314393 0.717269 0.110186 0.056144
