56 0.177172 0.868142 0.301454 0.260429
63 0.321442 0.673020 0.159741 0.162243
0 0.465550 0.781000 0.301826 0.434374
56 0.739579 0.686681 0.104415 0.235507
0 0.684972 0.564207 0.113057 0.214663
56 0.507542 0.844367 0.212420 0.311267
56 0.865837 0.631829 0.102119 0.224608
66 0.437501 0.617526 0.091691 0.043188
64 0.243872 0.754248 0.047254 0.029844
56 0.635293 0.764747 0.143915 0.359438
66 0.026489 0.808508 0.051045 0.069425
62 0.482413 0.550140 0.078380 0.095289
66 0.317609 0.718725 0.114620 0.055264
56 0.806740 0.629497 0.079352 0.220925
