0 0.467708 0.781002 0.305526 0.437801
63 0.323627 0.672694 0.163195 0.163750
56 0.176969 0.868224 0.305506 0.260342
56 0.738029 0.688997 0.104714 0.242816
0 0.686775 0.564818 0.108115 0.215518
56 0.513898 0.854188 0.222267 0.291624
56 0.862106 0.631244 0.109491 0.224513
66 0.435101 0.617080 0.096322 0.045353
64 0.244360 0.753688 0.048432 0.030973
66 0.024657 0.810017 0.047695 0.064467
62 0.479761 0.548409 0.081052 0.094047
56 0.809450 0.631668 0.086734 0.229769
66 0.317367 0.718099 0.116060 0.056154
