0 0.467043 0.785569 0.306144 0.419943
56 0.178456 0.868814 0.304025 0.258944
63 0.322292 0.673249 0.161046 0.163578
56 0.845934 0.633175 0.143728 0.227031
56 0.734403 0.689736 0.114443 0.255352
0 0.685347 0.563668 0.110323 0.215321
56 0.507965 0.854805 0.213859 0.290389
66 0.434091 0.617622 0.091717 0.044724
62 0.479610 0.549098 0.080090 0.093223
64 0.243656 0.753153 0.047710 0.031980
56 0.641409 0.771698 0.134906 0.348461
63 0.592175 0.548810 0.068975 0.069116
66 0.023573 0.808697 0.046014 0.063693
66 0.316096 0.718885 0.119668 0.055748
