56 0.178003 0.868549 0.303535 0.258775
63 0.322013 0.672927 0.160244 0.163351
0 0.467510 0.781984 0.307031 0.428169
56 0.847070 0.633314 0.139598 0.226159
56 0.734929 0.690812 0.110713 0.247201
56 0.508079 0.848358 0.211322 0.303284
0 0.686642 0.567160 0.108376 0.225842
64 0.243955 0.753868 0.046861 0.030525
66 0.437288 0.616903 0.091877 0.043285
62 0.480636 0.549260 0.077323 0.092134
66 0.025949 0.809727 0.049895 0.067268
56 0.637629 0.779017 0.141448 0.329372
66 0.317386 0.718632 0.114774 0.055182
