56 0.175864 0.866670 0.307153 0.261736
63 0.322799 0.673481 0.160730 0.163046
0 0.467209 0.783023 0.309577 0.420094
0 0.685647 0.567809 0.105900 0.223737
56 0.512993 0.837154 0.213870 0.325693
56 0.845391 0.632484 0.145198 0.226609
56 0.735896 0.689278 0.106984 0.244151
66 0.436547 0.617201 0.090301 0.041444
56 0.642262 0.761880 0.132986 0.357817
63 0.583166 0.545942 0.061302 0.062439
66 0.025990 0.809186 0.049704 0.063878
64 0.243940 0.753398 0.046977 0.030052
62 0.481521 0.549195 0.074640 0.093671
56 0.792452 0.614268 0.091684 0.195489
