56 0.175649 0.866862 0.308242 0.263671
0 0.462300 0.778212 0.295600 0.436825
63 0.323589 0.673639 0.163605 0.164649
56 0.738143 0.689620 0.107707 0.238634
56 0.505126 0.849042 0.207571 0.301446
0 0.683197 0.566242 0.113765 0.216515
56 0.848424 0.632373 0.137892 0.225265
66 0.434389 0.616238 0.095158 0.046571
64 0.244203 0.753933 0.048396 0.031303
62 0.480535 0.548428 0.079874 0.093798
56 0.642292 0.782925 0.130785 0.314803
66 0.315778 0.718967 0.120777 0.057890
66 0.023061 0.810541 0.044724 0.059386
