56 0.709279 0.750707 0.166845 0.296880
56 0.878194 0.854009 0.184208 0.291500
0 0.581008 0.505228 0.108386 0.129796
56 0.906209 0.659947 0.140298 0.205471
0 0.420691 0.517790 0.090076 0.164709
63 0.510706 0.575949 0.076054 0.065998
56 0.738237 0.542589 0.091151 0.092101
63 0.655055 0.546366 0.062867 0.050465
2 0.162888 0.851123 0.324153 0.297755
0 0.422313 0.643065 0.100788 0.406690
56 0.162611 0.850567 0.322670 0.294654
56 0.184141 0.756967 0.194203 0.249506
73 0.286550 0.584495 0.105108 0.041128
