0 0.462491 0.776504 0.299384 0.442352
63 0.319501 0.671999 0.154052 0.160672
56 0.173066 0.867432 0.295773 0.262068
56 0.847516 0.632167 0.139995 0.226580
56 0.744247 0.687460 0.105211 0.239983
0 0.692887 0.566459 0.118038 0.221571
66 0.434965 0.617283 0.095815 0.043590
56 0.634006 0.766654 0.147399 0.362449
56 0.505160 0.846950 0.217641 0.306101
64 0.244381 0.753245 0.046892 0.029359
66 0.024907 0.810204 0.048239 0.067689
63 0.580254 0.539727 0.046095 0.050538
66 0.313231 0.717650 0.113821 0.056133
