0 0.234198 0.638081 0.188529 0.701688
0 0.170712 0.399963 0.052007 0.105902
56 0.112296 0.699068 0.149627 0.188235
64 0.435196 0.731922 0.034513 0.021155
56 0.050318 0.776778 0.100609 0.385371
39 0.449185 0.625578 0.025829 0.126309
62 0.385867 0.477454 0.078600 0.062326
67 0.434366 0.733007 0.034534 0.023210
0 0.139958 0.558506 0.086543 0.158562
0 0.092134 0.632859 0.171935 0.267694
56 0.016997 0.573722 0.033994 0.111042
65 0.227542 0.621871 0.040176 0.030954
26 0.666882 0.940225 0.109200 0.119427
67 0.511908 0.745448 0.037726 0.024613
73 0.469462 0.836898 0.115311 0.063889
