56 0.176568 0.868579 0.305534 0.259103
63 0.321209 0.673483 0.160522 0.161556
0 0.465981 0.784475 0.304818 0.419773
56 0.507836 0.850323 0.212972 0.299354
0 0.683671 0.571878 0.113261 0.232360
56 0.847500 0.633059 0.142044 0.226875
56 0.733618 0.686129 0.109385 0.248584
66 0.435027 0.616986 0.095275 0.043963
64 0.244216 0.753982 0.047605 0.030493
56 0.652674 0.766385 0.137138 0.339578
62 0.481536 0.549146 0.076623 0.093109
63 0.578764 0.543985 0.042798 0.057156
66 0.026864 0.803843 0.052551 0.076879
