56 0.178379 0.868635 0.303262 0.259011
63 0.321383 0.673088 0.158493 0.162907
0 0.468626 0.779832 0.309262 0.425523
56 0.845489 0.632180 0.146152 0.227502
56 0.733338 0.691941 0.116516 0.252586
56 0.514471 0.836543 0.217075 0.325873
66 0.435971 0.617161 0.093929 0.043525
0 0.683642 0.574456 0.106701 0.236537
62 0.481290 0.548480 0.077112 0.093646
66 0.029468 0.801341 0.058340 0.088595
56 0.636058 0.765726 0.144757 0.358786
63 0.586438 0.546182 0.068498 0.063559
64 0.244929 0.753454 0.049434 0.031447
62 0.531579 0.520284 0.034756 0.066057
66 0.316219 0.717136 0.117073 0.059119
