56 0.175717 0.868335 0.304518 0.260054
0 0.465581 0.780765 0.304465 0.436489
63 0.322385 0.673853 0.161372 0.165285
56 0.739023 0.688135 0.104727 0.238208
0 0.686287 0.560647 0.110036 0.207018
56 0.849466 0.633471 0.134284 0.225011
56 0.506025 0.849460 0.207567 0.301079
64 0.244387 0.754441 0.047927 0.030458
66 0.437223 0.617389 0.093519 0.044461
56 0.636856 0.767646 0.141757 0.356834
62 0.482719 0.549764 0.077246 0.095240
66 0.025322 0.808504 0.048775 0.068713
66 0.319013 0.719618 0.118651 0.055478
63 0.586763 0.543306 0.063073 0.055635
63 0.483833 0.548634 0.077842 0.092867
56 0.807433 0.594397 0.072333 0.153534
63 0.438799 0.594492 0.095231 0.099495
63 0.187258 0.735753 0.114431 0.155343
