0 0.457803 0.775928 0.302217 0.446810
56 0.174281 0.867994 0.297064 0.259670
63 0.321679 0.671483 0.158574 0.160773
0 0.691051 0.563576 0.115564 0.211119
56 0.744495 0.691024 0.106327 0.244263
56 0.848878 0.632949 0.138650 0.226394
66 0.437113 0.617190 0.094296 0.045211
56 0.636834 0.766353 0.143263 0.360704
64 0.244457 0.753618 0.046833 0.030016
56 0.502842 0.837897 0.227108 0.324206
63 0.598242 0.547766 0.084030 0.065811
66 0.025636 0.809546 0.049724 0.077455
56 0.658164 0.692513 0.097577 0.216534
62 0.481814 0.547851 0.077343 0.094899
66 0.316991 0.716262 0.116567 0.056539
