56 0.176779 0.867609 0.310628 0.258094
63 0.323086 0.672941 0.162776 0.163147
0 0.464608 0.784184 0.301813 0.423570
56 0.847126 0.632515 0.143173 0.225783
56 0.739978 0.684606 0.104707 0.225405
56 0.506433 0.851208 0.210811 0.297585
0 0.688157 0.568478 0.108899 0.230187
66 0.434899 0.616464 0.094854 0.045644
62 0.483496 0.549642 0.074931 0.092236
63 0.587745 0.548473 0.070936 0.066069
64 0.243367 0.754102 0.047473 0.029837
66 0.017976 0.810997 0.034474 0.055713
56 0.642683 0.781643 0.130466 0.323775
62 0.530968 0.520029 0.035915 0.069280
66 0.318262 0.717776 0.114752 0.056625
