0 0.466974 0.781810 0.305187 0.436380
63 0.321311 0.672630 0.158628 0.162643
56 0.176278 0.867957 0.300065 0.261082
0 0.686652 0.565474 0.109088 0.217630
56 0.738201 0.690314 0.106254 0.242446
56 0.854225 0.631944 0.126450 0.225864
56 0.507743 0.850542 0.223118 0.298916
66 0.434773 0.617656 0.098205 0.044348
64 0.244395 0.753497 0.048147 0.030260
56 0.637059 0.763927 0.140906 0.362410
66 0.024581 0.809405 0.047129 0.062759
62 0.480152 0.548425 0.081975 0.094514
56 0.807766 0.598709 0.070220 0.161457
66 0.317246 0.718783 0.112762 0.054217
56 0.660801 0.685076 0.102937 0.208416
