56 0.177955 0.868377 0.304997 0.258999
0 0.468164 0.784833 0.310646 0.422066
63 0.323050 0.673219 0.162824 0.163707
56 0.845142 0.633373 0.143218 0.226190
56 0.734641 0.691886 0.112687 0.251337
0 0.684335 0.561867 0.110363 0.211703
56 0.508846 0.850870 0.214905 0.298260
66 0.435351 0.617283 0.096201 0.045710
64 0.243823 0.754191 0.046764 0.029626
66 0.023048 0.809337 0.044501 0.060092
63 0.593820 0.548607 0.070159 0.067257
62 0.480733 0.549537 0.078800 0.093665
56 0.644221 0.818089 0.123247 0.244896
63 0.435685 0.610480 0.101758 0.074299
66 0.316036 0.721824 0.105642 0.052455
