63 0.322246 0.672771 0.158890 0.162742
56 0.177601 0.868492 0.300343 0.259077
0 0.463960 0.783403 0.300302 0.420640
56 0.844453 0.633275 0.144795 0.227626
56 0.505946 0.849970 0.210187 0.300060
56 0.738385 0.688409 0.107688 0.244569
0 0.688432 0.574331 0.107097 0.242470
66 0.436875 0.617373 0.091336 0.043187
62 0.481877 0.548870 0.074690 0.093580
64 0.243312 0.753835 0.047968 0.032285
63 0.581697 0.545862 0.058284 0.062224
56 0.642561 0.775254 0.130310 0.337884
62 0.528957 0.521947 0.040177 0.069190
66 0.024466 0.807407 0.047356 0.069535
