56 0.174757 0.867160 0.306721 0.261398
63 0.322899 0.673670 0.161807 0.162644
0 0.468676 0.782210 0.310341 0.425306
56 0.513483 0.831845 0.216462 0.335838
0 0.685304 0.565021 0.107885 0.218344
56 0.847510 0.631925 0.140331 0.225428
56 0.733870 0.692236 0.112531 0.250835
66 0.436141 0.616859 0.096199 0.042694
63 0.583532 0.544932 0.062826 0.060947
56 0.638956 0.764290 0.138171 0.358321
66 0.027024 0.809502 0.052030 0.067292
62 0.482878 0.548476 0.073280 0.093513
66 0.314567 0.719307 0.112107 0.055981
64 0.243522 0.752070 0.048634 0.032298
