0 0.248244 0.644162 0.191173 0.706222
0 0.173910 0.427702 0.062001 0.158921
39 0.448882 0.626490 0.026228 0.127530
56 0.113896 0.704473 0.151987 0.180881
56 0.050213 0.786732 0.100425 0.367350
64 0.435040 0.731623 0.034456 0.020464
0 0.143330 0.562811 0.094160 0.161326
67 0.434209 0.732689 0.034324 0.022194
62 0.383644 0.478030 0.082805 0.064153
0 0.094836 0.625772 0.175476 0.261929
67 0.512551 0.746093 0.037635 0.023219
26 0.667003 0.940111 0.109223 0.119778
56 0.096304 0.550161 0.052963 0.085307
