56 0.176508 0.868433 0.303583 0.259532
63 0.322094 0.672792 0.160935 0.163430
0 0.464382 0.778691 0.299733 0.434038
56 0.737863 0.689758 0.106640 0.240039
0 0.683667 0.568197 0.113393 0.223972
56 0.849668 0.632882 0.134378 0.225427
56 0.507897 0.852304 0.213352 0.295391
66 0.436029 0.617513 0.096524 0.045039
64 0.244225 0.754303 0.047706 0.030134
62 0.481621 0.549144 0.077195 0.092942
56 0.641910 0.769673 0.133523 0.341375
63 0.578209 0.539284 0.040946 0.048879
66 0.025530 0.810090 0.049329 0.064425
66 0.316340 0.717626 0.112547 0.056325
