56 0.879242 0.854324 0.186411 0.291351
56 0.709475 0.751001 0.167627 0.297239
0 0.578388 0.504716 0.111956 0.131445
0 0.425589 0.514759 0.103410 0.172403
56 0.908693 0.656540 0.143304 0.198825
63 0.505896 0.575911 0.087538 0.068302
63 0.649581 0.544159 0.074781 0.056043
56 0.367091 0.555417 0.029448 0.074943
56 0.739151 0.536792 0.094029 0.085936
63 0.737808 0.532885 0.088507 0.077379
2 0.163264 0.851689 0.324744 0.296623
56 0.164067 0.849657 0.324125 0.298794
73 0.287894 0.582702 0.108987 0.039901
0 0.426165 0.642187 0.111403 0.412564
62 0.245409 0.535564 0.078165 0.089596
