56 0.176694 0.868086 0.305978 0.259426
63 0.323478 0.673773 0.163511 0.163668
0 0.467008 0.779250 0.310309 0.425965
56 0.844701 0.632365 0.145900 0.226977
56 0.733870 0.693187 0.117507 0.252828
56 0.512276 0.843048 0.211873 0.313904
0 0.683299 0.568355 0.109986 0.224744
66 0.433161 0.617333 0.098238 0.044026
64 0.244521 0.753668 0.047092 0.030573
62 0.482073 0.548959 0.075800 0.092936
66 0.028444 0.804746 0.054934 0.077284
56 0.639876 0.765788 0.136204 0.354713
63 0.586794 0.546419 0.069051 0.063443
62 0.531504 0.520832 0.035256 0.067387
