0 0.463246 0.777354 0.299750 0.441702
63 0.320083 0.671995 0.155897 0.159019
56 0.171224 0.868003 0.295844 0.260876
56 0.739683 0.688932 0.104036 0.242873
56 0.849103 0.632632 0.138332 0.225863
66 0.434802 0.617033 0.099294 0.044972
0 0.686959 0.569552 0.118594 0.230183
56 0.635077 0.771847 0.143700 0.353554
56 0.505963 0.851018 0.218547 0.297965
64 0.244568 0.753246 0.047431 0.031014
66 0.025713 0.808760 0.049392 0.064126
63 0.579378 0.540356 0.044551 0.048323
62 0.482598 0.549372 0.076088 0.093398
66 0.313171 0.717510 0.111586 0.053614
