56 0.175998 0.867794 0.300833 0.261217
63 0.322356 0.673159 0.159892 0.164053
0 0.468522 0.777047 0.299811 0.444392
0 0.689815 0.558108 0.109376 0.204815
56 0.737017 0.687187 0.106254 0.243350
64 0.244619 0.754082 0.047388 0.030078
56 0.510206 0.844340 0.220029 0.311319
56 0.855784 0.631874 0.122292 0.224596
66 0.438341 0.617064 0.089913 0.043428
66 0.027978 0.804341 0.054373 0.085671
56 0.634039 0.764059 0.148045 0.367812
63 0.578254 0.539119 0.042342 0.048754
66 0.317884 0.717827 0.115628 0.056114
62 0.480079 0.548694 0.081288 0.094943
56 0.810766 0.608370 0.079109 0.185770
