56 0.176792 0.868078 0.301185 0.259851
63 0.322996 0.672495 0.163046 0.162072
0 0.467230 0.781587 0.304959 0.421739
0 0.685902 0.564166 0.108458 0.220461
56 0.848021 0.633451 0.139176 0.227400
56 0.735662 0.693015 0.110919 0.252138
56 0.508203 0.853643 0.211690 0.292714
66 0.430432 0.617728 0.102012 0.045716
63 0.585724 0.545851 0.066292 0.062139
62 0.481267 0.549039 0.078031 0.093534
64 0.243885 0.754130 0.047591 0.032176
66 0.026349 0.808563 0.050695 0.071719
56 0.643248 0.760746 0.131770 0.361468
66 0.314242 0.716922 0.104287 0.055054
