56 0.177049 0.867331 0.304469 0.260561
63 0.322175 0.673013 0.160625 0.164115
0 0.465385 0.777154 0.305837 0.436320
56 0.845641 0.632137 0.146134 0.227107
56 0.508271 0.846446 0.209929 0.307108
56 0.732755 0.689998 0.110097 0.254666
66 0.435400 0.618602 0.095884 0.043256
0 0.687183 0.564118 0.109764 0.219448
64 0.243747 0.754014 0.048008 0.030668
62 0.481014 0.548824 0.078130 0.092783
66 0.025361 0.809716 0.048643 0.066438
56 0.641374 0.767567 0.133890 0.352123
66 0.317415 0.718710 0.115634 0.057039
62 0.531160 0.519759 0.037466 0.068737
