56 0.176823 0.867658 0.306555 0.261100
63 0.324475 0.673747 0.165434 0.163157
0 0.468455 0.780965 0.307988 0.422390
56 0.845718 0.632526 0.145305 0.226288
56 0.734381 0.692420 0.119165 0.256870
0 0.684309 0.564031 0.108529 0.216381
56 0.511816 0.843855 0.215252 0.312290
66 0.433998 0.617035 0.093933 0.043643
64 0.244091 0.753954 0.047259 0.030614
56 0.640759 0.763182 0.134659 0.359083
63 0.586421 0.545891 0.068277 0.062366
62 0.481208 0.548758 0.077925 0.093092
66 0.026443 0.808220 0.050844 0.067943
62 0.530848 0.520914 0.036168 0.069027
66 0.317596 0.717502 0.120806 0.058477
