0 0.372696 0.625800 0.263491 0.746162
39 0.514124 0.608409 0.030063 0.103420
0 0.028379 0.532992 0.056759 0.251409
39 0.567318 0.599851 0.025924 0.101832
56 0.116945 0.544407 0.051930 0.174135
56 0.196095 0.537250 0.102683 0.193805
28 0.704614 0.835566 0.119378 0.135306
28 0.655541 0.755356 0.145599 0.179078
56 0.050452 0.717009 0.099932 0.262326
69 0.406771 0.494286 0.093746 0.171798
41 0.487858 0.547021 0.053592 0.080903
56 0.063879 0.579922 0.056225 0.190472
56 0.097132 0.562682 0.052646 0.159458
