56 0.708531 0.751497 0.167506 0.295564
56 0.879191 0.854207 0.186841 0.291586
0 0.579087 0.505660 0.107167 0.129076
56 0.903239 0.652218 0.135071 0.190624
0 0.421500 0.517164 0.091964 0.165071
63 0.511035 0.576013 0.075132 0.064526
56 0.738173 0.540100 0.091655 0.088054
63 0.657261 0.546002 0.058719 0.051927
56 0.164466 0.848810 0.327188 0.297967
62 0.244790 0.536425 0.079552 0.090680
0 0.422420 0.645180 0.101641 0.411767
56 0.184455 0.754605 0.197242 0.241230
73 0.288900 0.584178 0.106424 0.040538
63 0.739493 0.534316 0.102255 0.081092
