0 0.297175 0.543298 0.092652 0.413550
0 0.187161 0.479523 0.089784 0.265868
0 0.107186 0.584154 0.171666 0.231026
56 0.108893 0.701223 0.161447 0.176258
64 0.435168 0.731547 0.034096 0.020308
69 0.378377 0.543569 0.096327 0.164082
56 0.051988 0.832262 0.102831 0.272661
67 0.434429 0.733000 0.034099 0.022312
56 0.016686 0.576480 0.033099 0.119665
39 0.448838 0.623684 0.026328 0.126065
73 0.469698 0.846907 0.118646 0.085597
41 0.450341 0.673810 0.023394 0.083294
67 0.512461 0.745960 0.037718 0.023080
26 0.666681 0.938974 0.109738 0.121333
