56 0.177332 0.868212 0.301131 0.259866
63 0.321767 0.673123 0.160262 0.163681
0 0.464267 0.780804 0.299371 0.426402
0 0.686528 0.566720 0.107809 0.221157
56 0.504883 0.850639 0.213833 0.297854
56 0.733928 0.691087 0.113446 0.252125
56 0.848616 0.633243 0.137830 0.226514
64 0.244245 0.754157 0.047358 0.030248
66 0.437401 0.618048 0.090441 0.043695
62 0.482062 0.549430 0.077125 0.093464
56 0.642866 0.766516 0.129986 0.347445
66 0.026558 0.808838 0.051410 0.070969
63 0.578548 0.541534 0.042968 0.052942
66 0.317712 0.717018 0.119643 0.058616
