0 0.219747 0.642136 0.177950 0.693136
0 0.170659 0.398591 0.049947 0.098634
56 0.106740 0.689938 0.155193 0.204409
56 0.050910 0.763115 0.101819 0.411533
62 0.386783 0.477384 0.077633 0.061410
39 0.448676 0.623643 0.025827 0.122645
67 0.434299 0.733030 0.034020 0.022770
64 0.435033 0.731841 0.034238 0.021127
56 0.098515 0.554126 0.060913 0.089737
56 0.017047 0.568705 0.033957 0.101248
67 0.512117 0.745612 0.037469 0.024192
73 0.469722 0.841384 0.114587 0.076500
26 0.666453 0.940085 0.108628 0.119502
