56 0.176509 0.868398 0.308430 0.259249
0 0.461605 0.779897 0.295374 0.437176
63 0.323109 0.673898 0.163227 0.165361
56 0.737614 0.688556 0.106906 0.236656
0 0.684041 0.567545 0.111876 0.221423
56 0.502375 0.851566 0.207382 0.296868
56 0.852794 0.633277 0.126591 0.224753
64 0.244024 0.753879 0.047567 0.030210
66 0.437206 0.617761 0.092702 0.044265
62 0.480308 0.549382 0.080357 0.094718
66 0.026150 0.806744 0.050672 0.073495
63 0.191511 0.737179 0.126227 0.162871
56 0.640799 0.787891 0.132978 0.314260
66 0.317587 0.718393 0.121107 0.057920
63 0.592635 0.547100 0.071811 0.062086
