0 0.216487 0.602076 0.140006 0.592572
0 0.170032 0.417413 0.052036 0.133537
56 0.111256 0.698241 0.149467 0.192224
0 0.096030 0.624277 0.166376 0.285471
62 0.386175 0.477557 0.075720 0.064094
67 0.434800 0.731377 0.034369 0.020791
39 0.448098 0.625234 0.025799 0.130595
56 0.051684 0.821985 0.101772 0.301901
41 0.449652 0.673067 0.023031 0.083139
56 0.016279 0.563739 0.032368 0.089760
73 0.470534 0.838159 0.114207 0.068169
26 0.666321 0.939457 0.110692 0.120053
0 0.138091 0.556454 0.082632 0.154091
