56 0.877788 0.853912 0.185178 0.291812
56 0.708657 0.751885 0.164028 0.296155
0 0.583293 0.504717 0.112682 0.129192
56 0.904933 0.657436 0.137133 0.199178
0 0.430717 0.519491 0.091535 0.163955
63 0.507396 0.576063 0.083315 0.066176
56 0.737619 0.539732 0.089115 0.088536
63 0.656023 0.545707 0.062029 0.052443
56 0.373548 0.556447 0.038052 0.077275
56 0.163624 0.850369 0.323082 0.295079
2 0.162072 0.851918 0.322565 0.296164
56 0.182373 0.764685 0.202776 0.262453
0 0.432332 0.641426 0.095500 0.405900
62 0.244828 0.536604 0.074099 0.086319
