56 0.709057 0.750947 0.166452 0.296878
56 0.878967 0.853897 0.186136 0.291274
0 0.580290 0.505433 0.109240 0.129536
0 0.421929 0.516632 0.093723 0.163468
56 0.902967 0.653777 0.135467 0.191678
63 0.506105 0.576929 0.085970 0.065978
56 0.738515 0.541411 0.087000 0.089819
63 0.656284 0.545532 0.059419 0.051810
2 0.162124 0.849257 0.321971 0.301485
56 0.163591 0.846957 0.324839 0.299919
62 0.247237 0.536075 0.075683 0.083012
73 0.286715 0.585314 0.098691 0.040151
0 0.424133 0.640372 0.104688 0.401350
