0 0.463491 0.779242 0.302859 0.441515
63 0.322479 0.672164 0.161033 0.158663
56 0.855937 0.634013 0.124529 0.227263
56 0.170477 0.867820 0.289930 0.262349
56 0.756248 0.690676 0.133822 0.261055
66 0.437367 0.618498 0.090219 0.042817
0 0.689223 0.559565 0.124467 0.214680
56 0.508023 0.860331 0.215776 0.279338
56 0.636376 0.775688 0.138819 0.342138
62 0.482118 0.549017 0.075281 0.094066
64 0.244277 0.752842 0.047524 0.031631
63 0.171726 0.732154 0.081884 0.141934
66 0.313552 0.718052 0.100112 0.053226
63 0.579073 0.539698 0.045129 0.047763
66 0.017125 0.810166 0.033661 0.054445
