0 0.463231 0.778786 0.298514 0.438522
63 0.322985 0.671336 0.161758 0.161802
0 0.700296 0.636146 0.172723 0.357288
56 0.769480 0.690083 0.133936 0.260341
56 0.870620 0.631431 0.093248 0.225685
56 0.170341 0.869269 0.288116 0.260557
56 0.509693 0.848983 0.216219 0.302034
66 0.438081 0.616359 0.090821 0.041455
64 0.244251 0.753168 0.046940 0.030287
56 0.639807 0.805972 0.138353 0.279351
63 0.594212 0.547711 0.077135 0.067314
66 0.029169 0.798271 0.057572 0.087426
66 0.312081 0.717473 0.106414 0.055746
