0 0.464146 0.778626 0.299563 0.438334
63 0.319630 0.671445 0.156278 0.160115
56 0.172873 0.868934 0.291620 0.259483
56 0.851394 0.631416 0.132382 0.225825
0 0.688331 0.556241 0.109930 0.220161
56 0.740520 0.690352 0.112768 0.253029
56 0.638148 0.763645 0.139033 0.367382
66 0.432832 0.618944 0.103363 0.039124
56 0.506442 0.850908 0.216444 0.298184
64 0.244463 0.751905 0.048619 0.032581
66 0.026398 0.808176 0.051169 0.069438
66 0.313196 0.716189 0.114030 0.056651
63 0.579453 0.540282 0.047155 0.051660
