56 0.878951 0.854200 0.186288 0.291295
56 0.708906 0.750988 0.164833 0.296650
0 0.582818 0.503968 0.105842 0.130878
56 0.906890 0.660290 0.142640 0.206350
0 0.432913 0.519933 0.094511 0.160642
63 0.509123 0.576325 0.078578 0.063587
56 0.738499 0.535831 0.091574 0.079134
56 0.374118 0.555878 0.040058 0.078452
63 0.647363 0.543438 0.075424 0.055397
2 0.163332 0.850329 0.324732 0.299341
63 0.737405 0.533301 0.088403 0.074694
62 0.247049 0.534866 0.075449 0.090571
73 0.287974 0.584228 0.107846 0.040071
0 0.433422 0.646795 0.098561 0.409778
56 0.163142 0.850121 0.323348 0.296204
56 0.183530 0.760475 0.197304 0.255656
56 0.921337 0.745573 0.131076 0.331674
