56 0.176270 0.866577 0.310702 0.264078
63 0.322522 0.673255 0.160691 0.161854
0 0.468909 0.775479 0.307458 0.440119
56 0.849074 0.631448 0.137934 0.226220
56 0.733911 0.690698 0.119080 0.254796
56 0.513884 0.837196 0.213245 0.325609
66 0.434948 0.617234 0.096330 0.043389
0 0.682834 0.565015 0.108230 0.216787
56 0.639934 0.762465 0.140634 0.365782
62 0.480454 0.548697 0.078643 0.094983
63 0.586941 0.547472 0.068836 0.064507
64 0.244885 0.752678 0.048120 0.032306
66 0.023870 0.811749 0.045745 0.063666
62 0.530485 0.520724 0.037631 0.068021
66 0.317376 0.717553 0.116686 0.057889
