0 0.355162 0.523250 0.091258 0.391327
0 0.188129 0.476850 0.092096 0.257474
0 0.113537 0.590785 0.163505 0.234726
56 0.051345 0.832920 0.101796 0.275381
56 0.117925 0.698040 0.143951 0.191535
41 0.449584 0.672307 0.021574 0.079579
67 0.434623 0.731892 0.036608 0.021402
39 0.448000 0.624108 0.023958 0.124905
67 0.512113 0.746810 0.037328 0.021698
73 0.468655 0.848394 0.121623 0.087199
26 0.667223 0.939936 0.109731 0.119685
56 0.016142 0.567644 0.032233 0.095039
39 0.446947 0.652444 0.020693 0.060524
