56 0.177085 0.866959 0.306353 0.261672
63 0.322871 0.672982 0.162674 0.164150
0 0.468011 0.780407 0.307939 0.427997
56 0.736222 0.688468 0.108847 0.249169
56 0.853594 0.632372 0.126094 0.225576
56 0.508147 0.853363 0.213893 0.293273
0 0.680823 0.567633 0.120890 0.226912
66 0.433774 0.617509 0.097828 0.044768
64 0.243759 0.753696 0.046970 0.029919
62 0.481062 0.549133 0.076691 0.091833
56 0.639122 0.772410 0.139125 0.344893
66 0.023532 0.810407 0.045322 0.063750
66 0.317408 0.719055 0.114852 0.055272
