56 0.708654 0.750904 0.166259 0.296639
56 0.878674 0.853734 0.184597 0.292064
0 0.581841 0.504167 0.106798 0.129925
56 0.905188 0.659120 0.139091 0.205329
63 0.511046 0.575176 0.074685 0.066882
0 0.427173 0.517859 0.102827 0.167204
63 0.656614 0.546982 0.057303 0.050294
56 0.737231 0.535095 0.091234 0.076264
0 0.428267 0.647845 0.109050 0.418475
2 0.162873 0.851081 0.325389 0.297837
56 0.164718 0.849952 0.325621 0.296001
56 0.185056 0.758305 0.194633 0.250223
73 0.289670 0.583353 0.108049 0.040017
62 0.244714 0.535604 0.077586 0.084100
