63 0.320100 0.671618 0.155834 0.161278
0 0.458160 0.777191 0.299912 0.445286
0 0.686842 0.556886 0.117501 0.196757
56 0.740141 0.688118 0.112122 0.245657
56 0.849158 0.633103 0.139065 0.226978
56 0.172203 0.868887 0.298665 0.259588
66 0.436684 0.616680 0.093860 0.045083
56 0.634461 0.772266 0.146195 0.352009
64 0.244479 0.753547 0.047379 0.029804
56 0.503500 0.843266 0.222198 0.313468
66 0.026736 0.808859 0.051950 0.077731
62 0.481013 0.547390 0.083555 0.094430
63 0.592948 0.547522 0.075720 0.063829
66 0.316432 0.716932 0.113334 0.056087
