56 0.708802 0.751523 0.165114 0.295847
56 0.878885 0.853699 0.184548 0.291573
0 0.582380 0.504447 0.106632 0.129242
56 0.905876 0.659938 0.140431 0.203731
0 0.431689 0.518116 0.095455 0.166433
63 0.511245 0.575342 0.074666 0.066052
56 0.736917 0.537319 0.088034 0.081794
63 0.655265 0.545821 0.060529 0.052407
0 0.432404 0.644801 0.101332 0.417037
2 0.161769 0.851630 0.323346 0.296438
56 0.164189 0.850649 0.324779 0.295079
56 0.183130 0.760785 0.196197 0.255693
62 0.242766 0.536489 0.078876 0.084643
