0 0.463010 0.779135 0.299632 0.438730
63 0.324887 0.673931 0.165149 0.162623
56 0.766933 0.691250 0.136894 0.258297
56 0.871717 0.631943 0.092602 0.225172
0 0.717081 0.634962 0.146845 0.361588
56 0.510565 0.850712 0.215457 0.298575
66 0.436591 0.620094 0.095062 0.039200
56 0.167711 0.869457 0.280692 0.260729
63 0.192917 0.740031 0.128785 0.167693
56 0.639744 0.778256 0.135814 0.337284
64 0.244145 0.754304 0.049327 0.031648
62 0.482593 0.549777 0.075867 0.092659
63 0.592939 0.545388 0.073582 0.058165
66 0.312789 0.720692 0.115104 0.054994
66 0.025385 0.807882 0.049069 0.070619
