56 0.179010 0.868936 0.305419 0.258702
0 0.468587 0.784907 0.306554 0.417721
63 0.322464 0.673281 0.161037 0.164404
56 0.508885 0.848083 0.213136 0.303833
0 0.686575 0.568128 0.108156 0.224870
56 0.846515 0.633329 0.143692 0.226541
56 0.736698 0.685886 0.104909 0.246210
64 0.243991 0.753552 0.046570 0.030174
66 0.433356 0.616925 0.096685 0.045846
56 0.643654 0.765869 0.132034 0.353902
62 0.480510 0.548602 0.078587 0.093592
66 0.024447 0.808135 0.047597 0.064781
63 0.579346 0.545908 0.043217 0.059626
66 0.315088 0.718620 0.118827 0.056935
