0 0.470313 0.779241 0.306862 0.441519
56 0.176927 0.868095 0.303142 0.261033
63 0.324105 0.674092 0.164412 0.166732
0 0.686742 0.562549 0.110086 0.212175
56 0.738220 0.686731 0.106724 0.244470
56 0.857308 0.631112 0.119500 0.223001
56 0.519768 0.847556 0.235851 0.304888
64 0.244373 0.753342 0.047085 0.029770
66 0.434938 0.616889 0.089246 0.043058
66 0.025585 0.807105 0.049607 0.072014
56 0.633744 0.767178 0.146235 0.356127
66 0.316785 0.718842 0.119018 0.058391
63 0.578492 0.539514 0.041507 0.049737
