56 0.709029 0.751189 0.167544 0.296725
56 0.879012 0.853661 0.185659 0.291722
0 0.578427 0.505142 0.106754 0.130043
0 0.421828 0.516577 0.092965 0.164075
56 0.903934 0.652512 0.136637 0.192067
63 0.505589 0.576869 0.086471 0.066481
56 0.738425 0.545764 0.090360 0.098923
63 0.655513 0.546004 0.063113 0.052543
2 0.161704 0.850261 0.321304 0.298147
62 0.245529 0.535482 0.080198 0.085129
0 0.423904 0.640106 0.103384 0.400434
73 0.286411 0.584870 0.104219 0.040735
56 0.162687 0.848763 0.322089 0.299598
