56 0.709070 0.748506 0.165870 0.293338
56 0.878896 0.853193 0.186397 0.292698
0 0.573175 0.504433 0.096371 0.132025
56 0.904019 0.653531 0.137136 0.198702
0 0.422542 0.515483 0.095268 0.163833
63 0.508365 0.574579 0.080886 0.066215
63 0.654622 0.544366 0.060235 0.050475
56 0.738427 0.535819 0.090032 0.083835
56 0.166297 0.849847 0.332594 0.300307
73 0.285890 0.580642 0.107181 0.042143
62 0.248052 0.530920 0.086020 0.091835
56 0.181366 0.767507 0.201911 0.278045
0 0.425114 0.641009 0.106710 0.402668
2 0.162102 0.850191 0.322013 0.299617
63 0.729389 0.532751 0.066866 0.077536
