56 0.174919 0.866703 0.302240 0.261793
63 0.322237 0.672846 0.160527 0.163761
0 0.467880 0.775183 0.310636 0.439897
56 0.508121 0.846555 0.216475 0.306890
56 0.845471 0.633137 0.142817 0.225596
56 0.731630 0.692087 0.111348 0.254629
66 0.435089 0.617368 0.097547 0.044276
0 0.683200 0.566605 0.118985 0.224214
64 0.244022 0.754021 0.048564 0.030714
62 0.482162 0.549542 0.073935 0.092801
66 0.024224 0.809832 0.046524 0.062165
56 0.642144 0.785943 0.130687 0.316156
66 0.317744 0.718862 0.112691 0.055560
