56 0.177244 0.868627 0.305650 0.259189
63 0.322088 0.673045 0.159785 0.162657
0 0.468051 0.780365 0.310180 0.426227
56 0.846060 0.632248 0.144263 0.226813
56 0.732371 0.692059 0.119901 0.256583
56 0.514278 0.838646 0.215728 0.321496
0 0.683795 0.570045 0.105058 0.227444
66 0.435832 0.616750 0.092794 0.044001
62 0.481233 0.548360 0.077293 0.093581
56 0.636455 0.764108 0.143583 0.362832
66 0.026927 0.806082 0.052026 0.073190
64 0.244804 0.753688 0.048695 0.031229
63 0.586901 0.546887 0.068963 0.063694
62 0.530597 0.520311 0.037190 0.067422
0 0.672280 0.505961 0.077734 0.102728
66 0.315211 0.718057 0.113915 0.056871
