0 0.261590 0.650757 0.187301 0.692056
0 0.182607 0.416189 0.080698 0.131881
39 0.448709 0.625178 0.026149 0.125567
56 0.051450 0.829295 0.101495 0.279215
0 0.103240 0.611891 0.181101 0.282688
67 0.434251 0.732704 0.033477 0.022249
56 0.113869 0.705324 0.150991 0.175875
65 0.329483 0.663102 0.046243 0.044956
62 0.385627 0.479783 0.080669 0.067842
64 0.433740 0.731980 0.033567 0.020558
56 0.096158 0.551572 0.060509 0.086336
56 0.017243 0.573286 0.034486 0.112484
26 0.666656 0.939746 0.109550 0.120304
67 0.402472 0.838459 0.025464 0.031682
67 0.512508 0.745949 0.037078 0.023328
