56 0.707869 0.750864 0.166381 0.296264
56 0.878232 0.853755 0.186439 0.291232
0 0.582893 0.505295 0.112034 0.129622
56 0.904398 0.656319 0.138352 0.199234
0 0.422516 0.515018 0.100213 0.165838
63 0.508749 0.576092 0.078638 0.066327
56 0.738127 0.544078 0.090970 0.094220
63 0.654632 0.546459 0.066114 0.051253
56 0.164000 0.851451 0.325910 0.293342
2 0.162964 0.851155 0.325929 0.297690
56 0.184283 0.761141 0.195821 0.255317
0 0.424786 0.645224 0.110101 0.417521
73 0.288025 0.583998 0.104875 0.039956
56 0.368267 0.556183 0.031680 0.072965
