63 0.320048 0.671668 0.155494 0.158270
0 0.460336 0.773855 0.307844 0.447657
56 0.174473 0.868104 0.297806 0.260715
56 0.846452 0.634144 0.138220 0.227828
0 0.694381 0.565329 0.116958 0.217581
56 0.746973 0.688998 0.104345 0.243190
56 0.634880 0.768275 0.145577 0.359208
66 0.435453 0.617757 0.093632 0.043197
64 0.244537 0.753490 0.047118 0.030610
56 0.507828 0.840971 0.223407 0.318057
66 0.027396 0.806377 0.052934 0.074126
63 0.192080 0.738283 0.125555 0.163831
62 0.482011 0.549245 0.075819 0.094186
56 0.657580 0.683241 0.098469 0.194297
63 0.592387 0.545881 0.073316 0.060400
66 0.316783 0.717741 0.105470 0.055657
