0 0.457239 0.775397 0.301801 0.449206
63 0.321719 0.672046 0.158470 0.161740
56 0.174838 0.867804 0.296312 0.260937
0 0.693261 0.563553 0.116734 0.213202
56 0.846973 0.633333 0.139598 0.226077
56 0.749262 0.688441 0.100375 0.236295
66 0.437956 0.615838 0.092592 0.045625
56 0.637019 0.765252 0.144209 0.363915
64 0.244593 0.753206 0.047002 0.030890
56 0.504075 0.843682 0.224016 0.312636
66 0.027193 0.806563 0.053007 0.078547
62 0.481985 0.548043 0.079366 0.093857
63 0.600946 0.553223 0.089324 0.074769
56 0.656950 0.696518 0.103893 0.228432
66 0.316112 0.716882 0.113612 0.057489
