56 0.177480 0.867964 0.303230 0.260201
63 0.323144 0.673081 0.162603 0.163655
0 0.467576 0.780503 0.309073 0.429149
56 0.734632 0.690466 0.113558 0.252063
56 0.850477 0.632392 0.134101 0.225749
56 0.508198 0.852974 0.215867 0.294053
66 0.435762 0.617220 0.096748 0.044602
0 0.682874 0.567270 0.116668 0.225334
64 0.243972 0.753516 0.047629 0.030172
62 0.482360 0.549109 0.074112 0.091644
66 0.024869 0.808735 0.047784 0.065977
56 0.641543 0.771449 0.134041 0.346816
66 0.315939 0.718958 0.113270 0.055519
