56 0.175058 0.867902 0.296446 0.260472
63 0.320119 0.672662 0.155703 0.162255
0 0.468157 0.776943 0.291853 0.445743
56 0.736455 0.687176 0.108620 0.243876
0 0.688561 0.555094 0.106872 0.197659
56 0.856900 0.632023 0.122661 0.225007
66 0.437148 0.617385 0.091544 0.043919
64 0.244438 0.753845 0.047309 0.030831
66 0.027896 0.804811 0.053890 0.075262
56 0.517070 0.844508 0.243356 0.310984
56 0.629587 0.765046 0.155640 0.366991
66 0.312604 0.718780 0.110104 0.053073
63 0.167587 0.729563 0.075859 0.143241
63 0.578527 0.539985 0.045269 0.049395
