56 0.176637 0.867319 0.312574 0.261751
63 0.322076 0.673270 0.160317 0.161789
0 0.466897 0.781439 0.310106 0.429518
56 0.847985 0.631547 0.142359 0.226186
56 0.511459 0.842988 0.214199 0.314024
0 0.684862 0.562451 0.108123 0.212768
56 0.735151 0.689930 0.114570 0.252147
66 0.436787 0.616952 0.090994 0.042992
56 0.641230 0.764318 0.136000 0.362109
63 0.587878 0.547177 0.071691 0.063913
62 0.480978 0.548666 0.076621 0.094058
66 0.025175 0.809322 0.048240 0.063902
62 0.531345 0.521264 0.034617 0.068324
64 0.243867 0.752031 0.048786 0.031874
67 0.244376 0.751798 0.047321 0.030836
66 0.316657 0.717366 0.115384 0.058088
