56 0.877930 0.853783 0.186964 0.292434
56 0.709444 0.751560 0.163874 0.296291
0 0.583231 0.504608 0.105850 0.130052
56 0.906470 0.658625 0.139750 0.206409
0 0.428320 0.519353 0.086853 0.160994
63 0.510751 0.575286 0.076723 0.064418
63 0.648257 0.544078 0.074748 0.053980
56 0.373179 0.555584 0.040163 0.077623
56 0.736839 0.534526 0.090399 0.077241
56 0.163140 0.850727 0.324124 0.294458
73 0.289193 0.583774 0.106578 0.039051
0 0.431305 0.644799 0.097828 0.404010
2 0.162049 0.851899 0.323509 0.296202
