56 0.177674 0.867450 0.314780 0.261399
63 0.321896 0.673150 0.160018 0.161769
0 0.467694 0.782183 0.309936 0.427467
56 0.847716 0.632018 0.142226 0.226680
56 0.513582 0.837135 0.216007 0.325730
56 0.735019 0.690623 0.118463 0.250548
0 0.683424 0.564751 0.107486 0.216922
66 0.437097 0.616960 0.089085 0.042685
56 0.640002 0.766431 0.137992 0.358735
63 0.586598 0.546550 0.068420 0.062816
62 0.481299 0.548713 0.076264 0.093684
66 0.025249 0.809440 0.048292 0.063266
62 0.531039 0.520822 0.035537 0.068576
66 0.316179 0.717820 0.115147 0.056800
64 0.244169 0.751602 0.049261 0.032302
