0 0.462088 0.779045 0.300955 0.439448
63 0.320826 0.671464 0.158867 0.161819
56 0.770169 0.690322 0.128904 0.264668
0 0.693220 0.629784 0.152915 0.341670
56 0.867833 0.631347 0.099897 0.225030
56 0.170642 0.870106 0.295056 0.258815
66 0.435436 0.616226 0.092808 0.043540
56 0.507923 0.854100 0.218983 0.291801
64 0.244453 0.752549 0.047929 0.032005
56 0.639987 0.806752 0.136592 0.278989
66 0.025219 0.806423 0.048718 0.072279
62 0.482652 0.547637 0.075348 0.092861
63 0.579762 0.539579 0.046286 0.050442
66 0.310259 0.717507 0.104559 0.056106
63 0.165177 0.729754 0.073177 0.136599
