0 0.463086 0.778305 0.299675 0.440236
63 0.320623 0.672294 0.156845 0.159441
56 0.171857 0.869433 0.296768 0.258726
0 0.686774 0.565018 0.110502 0.227573
56 0.736802 0.691035 0.113762 0.256689
56 0.854597 0.632572 0.126164 0.225664
66 0.436561 0.617588 0.093653 0.042678
56 0.635093 0.772459 0.144151 0.348289
56 0.506994 0.849695 0.212958 0.300611
64 0.244534 0.753132 0.048072 0.031241
66 0.025067 0.811490 0.048357 0.067464
62 0.482359 0.548874 0.076318 0.094651
66 0.316525 0.718063 0.102540 0.053126
