56 0.708775 0.750838 0.167370 0.296703
56 0.879081 0.853770 0.185275 0.291448
0 0.575133 0.504968 0.099956 0.129147
0 0.422288 0.517685 0.093970 0.164813
56 0.902714 0.651778 0.133910 0.189246
63 0.511360 0.576793 0.074375 0.064500
56 0.738540 0.540643 0.088831 0.088421
63 0.655234 0.545049 0.061839 0.052874
2 0.161945 0.850823 0.322333 0.298354
62 0.247794 0.532618 0.088074 0.095836
56 0.163100 0.850220 0.324021 0.295360
73 0.286255 0.584846 0.102819 0.040115
0 0.424867 0.639657 0.102682 0.400809
56 0.183162 0.762284 0.200802 0.258325
