56 0.178171 0.868815 0.298619 0.258373
0 0.466235 0.780324 0.302016 0.422035
63 0.321161 0.671989 0.156780 0.159619
56 0.507731 0.852295 0.212245 0.295410
56 0.841566 0.634222 0.148428 0.228748
56 0.734702 0.687590 0.108836 0.238096
0 0.683643 0.566826 0.109958 0.222693
66 0.433319 0.617278 0.096684 0.044016
62 0.483916 0.550157 0.073995 0.092989
63 0.584401 0.545605 0.065072 0.062431
64 0.246428 0.752947 0.046331 0.030527
56 0.643276 0.767844 0.127496 0.342361
66 0.028099 0.806050 0.054648 0.073654
66 0.313261 0.716162 0.111465 0.056773
