0 0.462756 0.776861 0.298881 0.444015
56 0.172532 0.867185 0.297484 0.262038
63 0.322167 0.672771 0.158917 0.160649
56 0.846589 0.632725 0.138972 0.226916
0 0.694043 0.562444 0.118406 0.213019
56 0.748371 0.689485 0.101478 0.240040
66 0.436207 0.616777 0.094001 0.042771
56 0.635516 0.766888 0.144112 0.363942
64 0.244447 0.753641 0.048018 0.030883
56 0.504611 0.852442 0.218261 0.295116
66 0.026315 0.808147 0.050742 0.076390
62 0.480835 0.547901 0.080015 0.093527
63 0.584474 0.541297 0.055774 0.053048
66 0.315938 0.717465 0.107978 0.056495
56 0.660149 0.678505 0.100613 0.195767
