56 0.173356 0.867235 0.300253 0.261752
0 0.464250 0.777673 0.301812 0.443599
63 0.320961 0.672436 0.157273 0.161677
56 0.849564 0.631946 0.135942 0.224629
0 0.691990 0.563128 0.117792 0.215777
66 0.435300 0.617810 0.095872 0.043886
56 0.740960 0.683151 0.107214 0.238543
64 0.244467 0.753271 0.046849 0.029477
56 0.635022 0.763359 0.146892 0.365680
56 0.505293 0.847436 0.226884 0.305127
66 0.016687 0.811603 0.032446 0.052355
63 0.578124 0.539241 0.042593 0.048766
66 0.314094 0.717646 0.113531 0.057951
56 0.660691 0.666120 0.097383 0.166327
