56 0.175913 0.868204 0.302916 0.259614
63 0.323331 0.672996 0.162683 0.164185
0 0.465637 0.779314 0.299011 0.436734
56 0.736847 0.691610 0.109511 0.239230
0 0.683850 0.564135 0.113026 0.211583
56 0.851792 0.632539 0.131568 0.225568
56 0.507577 0.849319 0.217669 0.301361
66 0.435176 0.617345 0.097445 0.045099
64 0.244189 0.754056 0.047819 0.029417
56 0.639438 0.779496 0.137789 0.329126
62 0.480723 0.548650 0.078343 0.092938
66 0.025360 0.809902 0.048894 0.062034
63 0.583604 0.542747 0.053285 0.053439
56 0.807683 0.593841 0.070143 0.154156
