56 0.177719 0.866856 0.306868 0.261677
0 0.464701 0.781495 0.307850 0.426649
63 0.321655 0.673060 0.159197 0.163625
56 0.846426 0.631992 0.144664 0.227075
56 0.509027 0.853324 0.213882 0.293353
66 0.435546 0.616926 0.096167 0.045740
56 0.732821 0.690055 0.108553 0.253989
0 0.690850 0.564258 0.102405 0.221635
62 0.482135 0.548578 0.074778 0.093086
64 0.243434 0.754114 0.048482 0.030262
63 0.587620 0.548565 0.069871 0.064063
66 0.022440 0.810703 0.044411 0.060788
56 0.642032 0.769944 0.130560 0.342810
66 0.317065 0.718745 0.118121 0.057103
