56 0.178566 0.868658 0.303038 0.259194
0 0.468514 0.782633 0.310327 0.427046
63 0.322379 0.672970 0.161717 0.162713
56 0.847145 0.633227 0.140900 0.225083
56 0.734662 0.691363 0.111186 0.247503
56 0.508021 0.853254 0.212367 0.293491
0 0.680595 0.566327 0.119891 0.221492
64 0.243944 0.753930 0.046828 0.030626
66 0.436231 0.617773 0.093431 0.043963
63 0.591629 0.545650 0.065814 0.060612
62 0.480729 0.548463 0.078678 0.092842
56 0.641106 0.782342 0.135290 0.318660
0 0.652318 0.515315 0.098014 0.122993
66 0.316523 0.719161 0.106686 0.055276
66 0.022331 0.809797 0.043385 0.059348
