56 0.175684 0.867959 0.298429 0.260004
63 0.321636 0.672595 0.159178 0.161285
0 0.466802 0.780925 0.305646 0.428968
56 0.844181 0.636056 0.142969 0.230617
56 0.741803 0.690364 0.103557 0.237313
56 0.508985 0.846173 0.212815 0.307654
66 0.435122 0.616821 0.096350 0.044624
0 0.683816 0.565749 0.111077 0.221585
62 0.481557 0.549050 0.076200 0.093405
63 0.586296 0.546686 0.067848 0.064094
56 0.641179 0.766046 0.141524 0.359554
66 0.015053 0.809683 0.028725 0.052326
62 0.529357 0.521411 0.039122 0.069896
64 0.244639 0.754267 0.048327 0.032912
66 0.317065 0.717430 0.113221 0.055623
