56 0.178433 0.869609 0.301263 0.257152
63 0.322801 0.672989 0.162116 0.163951
0 0.466655 0.781194 0.305193 0.420734
0 0.684335 0.564194 0.106231 0.217812
56 0.847076 0.632623 0.140881 0.224936
56 0.508145 0.852724 0.210357 0.294553
56 0.735191 0.692181 0.111310 0.245036
66 0.432953 0.617423 0.099088 0.044284
64 0.243840 0.754396 0.046526 0.029573
62 0.481928 0.548765 0.075578 0.092233
63 0.585480 0.545634 0.067456 0.062059
66 0.026085 0.808337 0.050433 0.072442
56 0.644296 0.775177 0.133205 0.334652
66 0.316670 0.719517 0.120309 0.055714
