0 0.461885 0.777009 0.301912 0.444947
63 0.320610 0.671727 0.156659 0.158688
56 0.173638 0.867183 0.293976 0.262449
56 0.847067 0.634134 0.138902 0.228332
0 0.694356 0.570501 0.117485 0.228289
66 0.437397 0.617098 0.091385 0.042592
56 0.745534 0.689180 0.103712 0.245625
56 0.637935 0.768326 0.139985 0.357961
64 0.244164 0.753878 0.046301 0.029367
56 0.504254 0.851724 0.217734 0.296551
63 0.189508 0.736891 0.121396 0.156546
66 0.026200 0.808838 0.050205 0.069077
62 0.483458 0.548060 0.075947 0.094676
66 0.315540 0.717373 0.103778 0.054135
