56 0.708550 0.750607 0.168244 0.294486
56 0.878631 0.854097 0.186330 0.291806
0 0.577168 0.505994 0.103091 0.128572
56 0.905813 0.656722 0.138207 0.198536
0 0.420496 0.517737 0.092199 0.163250
63 0.510841 0.576076 0.075115 0.064741
56 0.737958 0.542528 0.090803 0.092746
63 0.655105 0.546648 0.062147 0.049655
2 0.162828 0.849223 0.325655 0.301554
0 0.422213 0.645590 0.101567 0.412304
56 0.163348 0.847887 0.325877 0.299291
63 0.739183 0.534449 0.098946 0.080724
56 0.183022 0.762224 0.200160 0.259423
