0 0.463328 0.779801 0.295385 0.439486
63 0.323647 0.671086 0.163962 0.161492
56 0.767381 0.691807 0.132360 0.252478
56 0.866263 0.632543 0.102725 0.226036
0 0.732449 0.614761 0.114163 0.337889
56 0.167721 0.870341 0.289248 0.258666
66 0.437475 0.616910 0.088673 0.045334
56 0.510623 0.849002 0.218285 0.301996
56 0.636874 0.773018 0.143835 0.346799
63 0.190405 0.737315 0.122110 0.161407
64 0.244831 0.752590 0.049518 0.032298
66 0.026455 0.807409 0.051402 0.076535
62 0.482430 0.548337 0.076603 0.092871
66 0.317012 0.717486 0.107824 0.053970
63 0.583667 0.543425 0.055889 0.057934
