56 0.878349 0.854199 0.186484 0.290874
56 0.707896 0.751055 0.165958 0.295740
0 0.579540 0.505140 0.106104 0.130322
0 0.417064 0.518349 0.093867 0.166730
56 0.905341 0.659657 0.140361 0.205201
63 0.511027 0.576235 0.075335 0.065430
56 0.738717 0.545647 0.092397 0.099184
63 0.644520 0.545205 0.080259 0.054550
56 0.166426 0.850367 0.332852 0.299266
0 0.419509 0.646188 0.107737 0.417451
62 0.244489 0.535389 0.079009 0.086058
2 0.163781 0.851330 0.326197 0.297341
73 0.286261 0.584906 0.104687 0.040573
