56 0.878183 0.854841 0.186289 0.290318
56 0.708428 0.750997 0.165858 0.295798
0 0.414148 0.518567 0.109347 0.166772
0 0.575942 0.505697 0.119905 0.130418
56 0.904873 0.655174 0.135527 0.193069
63 0.503558 0.578223 0.091665 0.068406
56 0.737587 0.549040 0.089774 0.101489
63 0.651380 0.545465 0.075570 0.054527
62 0.245175 0.537123 0.078240 0.090765
56 0.182887 0.765929 0.189274 0.268107
56 0.161911 0.850818 0.315199 0.296741
2 0.162336 0.853109 0.323621 0.293783
0 0.418819 0.641784 0.126345 0.403168
