56 0.878549 0.854060 0.185368 0.290809
56 0.708306 0.750853 0.168045 0.296673
0 0.582583 0.505383 0.110552 0.129270
56 0.903821 0.656719 0.137359 0.199444
63 0.507672 0.576917 0.084048 0.068096
0 0.418838 0.517206 0.093733 0.170328
56 0.736311 0.538669 0.089611 0.084209
63 0.654908 0.545459 0.064657 0.053670
56 0.165591 0.851427 0.331182 0.297146
2 0.162416 0.851901 0.324640 0.296199
0 0.421844 0.642966 0.107301 0.412639
56 0.185046 0.758896 0.192522 0.254860
62 0.243928 0.535324 0.076472 0.086733
