0 0.463966 0.778266 0.298700 0.438174
63 0.320118 0.671387 0.156036 0.159466
56 0.170841 0.868752 0.294063 0.260244
0 0.687695 0.566488 0.108200 0.237262
56 0.738109 0.690888 0.111347 0.250963
56 0.856542 0.631505 0.121139 0.223321
66 0.434721 0.617021 0.099545 0.045680
56 0.634288 0.769509 0.146007 0.352676
64 0.244204 0.752907 0.045967 0.030241
56 0.504920 0.851739 0.221015 0.296521
63 0.578021 0.537655 0.042164 0.046488
66 0.314189 0.716783 0.107678 0.055010
66 0.024341 0.808830 0.048513 0.062331
