56 0.878516 0.854315 0.183883 0.291369
56 0.709132 0.750915 0.165768 0.293996
0 0.579933 0.506127 0.108058 0.130459
56 0.904284 0.654045 0.137048 0.197103
0 0.421986 0.517308 0.095402 0.162469
63 0.507606 0.574794 0.082728 0.067936
56 0.738093 0.539232 0.090608 0.087252
63 0.654344 0.545564 0.065928 0.052612
56 0.164515 0.850550 0.329030 0.298900
0 0.424041 0.643815 0.103568 0.409348
56 0.183496 0.764677 0.199340 0.264684
2 0.162474 0.850545 0.322974 0.298909
62 0.244792 0.534722 0.075671 0.083758
