56 0.175521 0.867231 0.308372 0.260469
0 0.466450 0.783783 0.308098 0.425706
63 0.323019 0.673819 0.162434 0.164581
56 0.508367 0.849816 0.215118 0.300367
56 0.848632 0.632405 0.137544 0.225637
56 0.736294 0.689177 0.110197 0.245654
0 0.685950 0.568188 0.112921 0.229972
66 0.435507 0.616998 0.094822 0.043976
64 0.243588 0.753850 0.047237 0.029936
62 0.483696 0.549559 0.073789 0.091558
63 0.588311 0.548849 0.070968 0.065966
62 0.531657 0.521126 0.035173 0.069695
56 0.642090 0.791655 0.130571 0.300352
66 0.022641 0.810237 0.043835 0.059791
66 0.318320 0.718460 0.120753 0.058169
