56 0.175106 0.868159 0.298622 0.259478
63 0.323899 0.672746 0.165426 0.162254
0 0.467670 0.780854 0.304814 0.429345
56 0.845595 0.634714 0.144712 0.228673
0 0.684703 0.566810 0.110100 0.226043
56 0.510039 0.847205 0.213943 0.305589
56 0.737033 0.692935 0.109826 0.247406
66 0.432815 0.617020 0.101050 0.044204
63 0.588391 0.548479 0.072272 0.066981
62 0.481869 0.549873 0.075189 0.093392
56 0.643051 0.762709 0.134397 0.361625
64 0.243015 0.754409 0.047771 0.033806
66 0.316458 0.716821 0.109154 0.054129
66 0.024976 0.806566 0.048184 0.069107
