56 0.879002 0.853842 0.185324 0.292316
56 0.709633 0.750368 0.163626 0.296218
0 0.581951 0.504403 0.105979 0.131568
56 0.906609 0.659670 0.141288 0.207044
0 0.429830 0.520116 0.086150 0.162638
63 0.509031 0.575539 0.079334 0.065304
63 0.646098 0.543208 0.080549 0.057482
56 0.737923 0.534580 0.093922 0.074036
56 0.374754 0.554127 0.041692 0.079563
56 0.162602 0.851379 0.323682 0.293405
56 0.184719 0.757261 0.192077 0.250221
73 0.288684 0.583699 0.105188 0.038846
62 0.246590 0.535259 0.075359 0.089750
0 0.430042 0.646471 0.096096 0.408503
