56 0.708797 0.751070 0.165775 0.295497
56 0.878425 0.854213 0.184885 0.291573
0 0.580406 0.505498 0.110530 0.130453
56 0.904217 0.652857 0.136760 0.194414
0 0.422557 0.517592 0.096614 0.162353
63 0.511311 0.575345 0.075350 0.065885
56 0.738275 0.537659 0.089962 0.082672
63 0.655857 0.545548 0.062283 0.053596
0 0.424611 0.644224 0.104846 0.409409
56 0.162839 0.849704 0.324576 0.295908
2 0.162427 0.850489 0.324046 0.299021
62 0.242920 0.535376 0.079181 0.088107
73 0.285875 0.584657 0.104863 0.040370
