0 0.463504 0.778949 0.301241 0.441529
63 0.322529 0.672637 0.159286 0.160791
56 0.863820 0.633585 0.107940 0.226539
56 0.170180 0.867764 0.290609 0.262138
56 0.762856 0.694328 0.131532 0.257942
66 0.436126 0.617492 0.094144 0.043519
0 0.696160 0.623757 0.131977 0.331280
56 0.508365 0.858473 0.217778 0.283054
56 0.635482 0.776657 0.142950 0.336375
64 0.244240 0.753541 0.047875 0.031677
63 0.578686 0.539008 0.043460 0.047002
66 0.313977 0.718425 0.107478 0.053725
63 0.177535 0.732346 0.092907 0.146306
