56 0.177837 0.868501 0.304984 0.259105
63 0.321870 0.674041 0.159004 0.162708
0 0.467150 0.781856 0.308061 0.425945
56 0.512406 0.838855 0.211479 0.322153
0 0.685100 0.566327 0.108028 0.220462
56 0.846066 0.631853 0.143525 0.226584
56 0.735179 0.692277 0.109542 0.244681
66 0.435961 0.616813 0.092980 0.042913
63 0.581334 0.544201 0.058311 0.058910
66 0.027789 0.807264 0.053893 0.072556
56 0.641512 0.765400 0.135608 0.350647
62 0.482592 0.548989 0.074175 0.093395
66 0.316640 0.718461 0.121332 0.057995
64 0.244138 0.752928 0.047966 0.032491
