0 0.246517 0.570430 0.116888 0.507223
0 0.175844 0.450261 0.063744 0.201258
0 0.105818 0.588598 0.176298 0.244097
56 0.115277 0.696546 0.150473 0.197634
56 0.049128 0.768088 0.098255 0.402679
67 0.435139 0.731588 0.035323 0.021069
41 0.449750 0.672016 0.023769 0.085141
67 0.512156 0.745922 0.037997 0.023474
73 0.470521 0.839039 0.116974 0.068786
26 0.666833 0.939453 0.108577 0.121094
62 0.386613 0.476880 0.078123 0.061150
39 0.448673 0.654594 0.024000 0.117926
67 0.402841 0.838066 0.026366 0.033890
