56 0.175520 0.866835 0.305458 0.262558
63 0.322919 0.673326 0.161050 0.164791
0 0.467618 0.776947 0.309572 0.436891
56 0.844507 0.633475 0.143405 0.226631
56 0.508132 0.847603 0.213212 0.304795
56 0.733817 0.690240 0.111019 0.251182
66 0.436410 0.616849 0.094435 0.044404
0 0.687612 0.568070 0.108546 0.226600
64 0.244165 0.753024 0.049115 0.032620
62 0.483862 0.550747 0.074099 0.092600
66 0.025350 0.808691 0.048965 0.066729
56 0.640762 0.778812 0.134267 0.331312
66 0.316355 0.719113 0.112605 0.056706
