0 0.587016 0.681175 0.210052 0.637437
56 0.278300 0.734571 0.159046 0.321287
56 0.374124 0.657160 0.119479 0.231225
56 0.120654 0.811528 0.216424 0.373987
63 0.248792 0.556507 0.079843 0.079261
39 0.767870 0.682784 0.030187 0.141444
62 0.136999 0.558099 0.078775 0.095263
62 0.189749 0.529547 0.036049 0.072316
66 0.089738 0.628653 0.095486 0.046419
67 0.709153 0.766020 0.037785 0.027743
56 0.433005 0.594982 0.084209 0.170293
66 0.021755 0.711884 0.042534 0.038167
39 0.797124 0.692952 0.030868 0.142416
56 0.328901 0.526846 0.062527 0.043173
62 0.244521 0.556872 0.076196 0.078559
