0 0.587514 0.689156 0.219294 0.619480
56 0.373772 0.657333 0.119853 0.231221
56 0.278079 0.736698 0.158401 0.316505
56 0.118284 0.814130 0.217601 0.369697
63 0.250641 0.556614 0.082559 0.080766
39 0.767790 0.682898 0.030233 0.140208
62 0.189731 0.529787 0.037103 0.071747
62 0.137165 0.559137 0.079371 0.094674
56 0.434389 0.578642 0.069678 0.132064
66 0.088354 0.626492 0.091816 0.042670
39 0.797230 0.694389 0.030737 0.141096
66 0.021803 0.709993 0.042593 0.036289
67 0.710257 0.767514 0.040285 0.032398
56 0.415231 0.614091 0.111991 0.198042
