56 0.372512 0.657592 0.120992 0.230667
56 0.278400 0.733595 0.158027 0.321263
63 0.250148 0.554950 0.079244 0.077414
39 0.766617 0.682345 0.028962 0.137274
56 0.488140 0.604230 0.090201 0.194141
62 0.137812 0.557599 0.077697 0.093854
62 0.190985 0.529835 0.037379 0.072197
56 0.145460 0.776890 0.156273 0.317399
39 0.796146 0.696276 0.030632 0.144471
62 0.627058 0.503486 0.063960 0.060061
66 0.089260 0.627588 0.100888 0.047719
66 0.022893 0.710324 0.044990 0.036045
56 0.437121 0.587949 0.071436 0.153652
