0 0.585814 0.685341 0.236751 0.621579
56 0.122597 0.811416 0.210442 0.376357
56 0.373024 0.656095 0.121908 0.234138
56 0.279301 0.737582 0.157945 0.313369
63 0.249468 0.556018 0.081621 0.080144
39 0.767800 0.683411 0.030817 0.140958
62 0.189033 0.529708 0.036941 0.071554
62 0.135501 0.558725 0.083251 0.095128
66 0.090209 0.625876 0.095111 0.046190
56 0.430864 0.583149 0.076230 0.148641
39 0.797434 0.693916 0.030610 0.137149
66 0.022090 0.708317 0.042786 0.036551
56 0.329102 0.527435 0.062621 0.042920
