0 0.427955 0.532952 0.184801 0.804268
63 0.535476 0.477363 0.138130 0.197703
39 0.719431 0.590214 0.045871 0.138058
66 0.829349 0.574732 0.089120 0.052626
56 0.302334 0.731571 0.250025 0.522129
62 0.258388 0.329127 0.088968 0.107220
64 0.800634 0.614886 0.038469 0.027832
56 0.122411 0.418194 0.110483 0.267158
56 0.673963 0.866497 0.304798 0.267005
62 0.312942 0.366782 0.072453 0.126670
28 0.227070 0.297411 0.081622 0.087512
56 0.896384 0.798612 0.205424 0.377876
66 0.527739 0.527783 0.122004 0.085078
62 0.162498 0.089602 0.045644 0.036396
