39 0.617672 0.657598 0.028177 0.134198
63 0.076058 0.561223 0.095575 0.089026
0 0.186009 0.557946 0.109796 0.193853
56 0.335282 0.598550 0.101447 0.197684
56 0.121167 0.761636 0.168780 0.326874
56 0.233149 0.664665 0.102767 0.233945
62 0.014398 0.530998 0.028796 0.074850
56 0.023892 0.784264 0.047617 0.242112
39 0.644669 0.672030 0.030001 0.125953
69 0.591372 0.604883 0.123101 0.158753
69 0.473396 0.573661 0.099124 0.166036
56 0.291626 0.559132 0.049512 0.120943
56 0.123688 0.663010 0.114038 0.149389
