0 0.449224 0.679469 0.150698 0.632961
0 0.187416 0.554484 0.110158 0.183255
63 0.080186 0.564679 0.096037 0.087509
39 0.619417 0.657957 0.027877 0.134872
56 0.121046 0.757426 0.169317 0.332031
56 0.227141 0.667788 0.118755 0.239886
56 0.324739 0.604535 0.104449 0.201428
39 0.646692 0.669907 0.027904 0.128392
62 0.015743 0.531744 0.029833 0.068048
56 0.026334 0.784530 0.052546 0.250699
63 0.015271 0.534094 0.030542 0.073250
56 0.283168 0.588440 0.072148 0.173909
67 0.566539 0.740239 0.030258 0.022148
69 0.502646 0.575560 0.046175 0.162909
56 0.293639 0.531290 0.049229 0.063379
56 0.138175 0.657677 0.102462 0.145024
