0 0.593319 0.681347 0.215180 0.637306
56 0.121214 0.809933 0.214315 0.377434
56 0.374956 0.657315 0.117444 0.230396
56 0.278317 0.734066 0.158909 0.321616
63 0.247923 0.556315 0.078850 0.078965
39 0.767961 0.682489 0.030583 0.142113
62 0.136780 0.558015 0.079531 0.094587
62 0.189496 0.529251 0.036482 0.071677
66 0.090196 0.627787 0.095443 0.046121
67 0.709105 0.765453 0.038435 0.028928
56 0.440359 0.609238 0.089494 0.184225
39 0.797258 0.694384 0.031386 0.144564
66 0.021774 0.711097 0.042770 0.036686
56 0.328980 0.526751 0.062047 0.042128
