0 0.395633 0.632897 0.220653 0.582178
39 0.720417 0.591068 0.045630 0.136943
56 0.341231 0.747757 0.283055 0.504486
62 0.334421 0.373698 0.112088 0.133001
66 0.828470 0.574244 0.088734 0.053481
62 0.553102 0.462191 0.106021 0.169613
56 0.674326 0.862806 0.304354 0.274387
64 0.800661 0.615005 0.038513 0.028027
62 0.258194 0.328376 0.093856 0.107846
56 0.126667 0.414743 0.118269 0.264138
63 0.513946 0.479157 0.181705 0.206987
66 0.474442 0.576872 0.092482 0.075483
66 0.504169 0.540595 0.116661 0.061824
56 0.175911 0.521038 0.125800 0.271338
62 0.226466 0.298469 0.080346 0.087011
62 0.457564 0.435159 0.100013 0.148250
56 0.898860 0.772690 0.199302 0.327222
64 0.520758 0.608732 0.028257 0.023278
