0 0.386212 0.633578 0.252175 0.604435
56 0.319478 0.747599 0.274416 0.504585
66 0.463531 0.572812 0.107371 0.082689
66 0.828977 0.571125 0.088531 0.057552
62 0.551749 0.461292 0.102808 0.168216
62 0.335410 0.374089 0.119322 0.138693
64 0.797716 0.612742 0.039598 0.027395
62 0.256306 0.326855 0.084667 0.103715
64 0.520800 0.608775 0.029211 0.023234
66 0.505028 0.540131 0.113326 0.062012
39 0.720158 0.590099 0.046396 0.137514
56 0.122934 0.423032 0.114079 0.277486
62 0.446782 0.439816 0.124314 0.156686
63 0.509157 0.478183 0.187739 0.199558
56 0.176499 0.524077 0.126487 0.266429
56 0.675255 0.841845 0.309863 0.316311
