0 0.424790 0.531067 0.167642 0.803240
39 0.719688 0.589563 0.045992 0.138313
63 0.536115 0.477957 0.136366 0.201513
66 0.828956 0.574851 0.089263 0.051986
56 0.123287 0.417308 0.111885 0.267897
62 0.256440 0.327594 0.088859 0.107992
56 0.302158 0.732619 0.250325 0.518114
62 0.536162 0.472977 0.134056 0.191319
56 0.673402 0.867258 0.303475 0.265484
64 0.800616 0.615022 0.038182 0.027905
62 0.225841 0.297631 0.079668 0.085467
62 0.162220 0.090536 0.045834 0.037642
62 0.313657 0.367611 0.074769 0.127413
56 0.165486 0.281068 0.054560 0.083704
56 0.235000 0.649530 0.104559 0.327403
56 0.896687 0.793257 0.203677 0.365780
