0 0.595853 0.692147 0.248582 0.610654
56 0.278919 0.735101 0.156949 0.319436
56 0.374897 0.657639 0.119645 0.228725
56 0.120862 0.831438 0.217388 0.337124
63 0.247270 0.556274 0.076237 0.078864
39 0.768048 0.682795 0.030214 0.144091
62 0.136220 0.557635 0.080123 0.093698
62 0.189396 0.529421 0.037704 0.071316
39 0.797078 0.692543 0.030181 0.144919
56 0.436137 0.595895 0.076830 0.170756
66 0.088825 0.626297 0.094031 0.044378
67 0.723328 0.787683 0.064001 0.028078
66 0.021636 0.711202 0.042097 0.037018
56 0.328862 0.527445 0.061711 0.042239
56 0.436906 0.559862 0.058897 0.104546
