0 0.586969 0.692038 0.220781 0.609820
56 0.119145 0.808438 0.218716 0.380817
56 0.373613 0.658382 0.119932 0.231453
56 0.278225 0.736924 0.157657 0.316165
63 0.250747 0.556287 0.083359 0.080838
39 0.768091 0.682800 0.030510 0.141969
62 0.189500 0.529444 0.038174 0.072466
62 0.135275 0.559435 0.084765 0.095339
39 0.797390 0.693507 0.031330 0.141146
66 0.088434 0.625697 0.098470 0.044503
56 0.439764 0.577103 0.064981 0.130784
66 0.021932 0.711642 0.043017 0.035895
56 0.327635 0.528804 0.058652 0.044812
