0 0.619702 0.481558 0.068083 0.213626
56 0.331651 0.601300 0.107711 0.202713
63 0.078184 0.564697 0.097894 0.091080
0 0.185406 0.560511 0.110689 0.187614
39 0.617553 0.659778 0.026756 0.130095
56 0.120195 0.768473 0.174775 0.320524
56 0.230362 0.667602 0.112873 0.235429
56 0.026004 0.778989 0.052007 0.260444
63 0.015293 0.538416 0.030586 0.079528
39 0.644589 0.676892 0.029862 0.121458
62 0.015392 0.534006 0.029583 0.070843
56 0.123661 0.694620 0.124208 0.192319
62 0.475308 0.494048 0.055094 0.053523
69 0.570143 0.580894 0.093363 0.178016
