0 0.430192 0.628310 0.238507 0.589029
39 0.719845 0.588324 0.046314 0.137115
62 0.334942 0.369963 0.112833 0.127224
56 0.675156 0.865880 0.302933 0.268239
66 0.828504 0.574207 0.088714 0.052653
56 0.334764 0.751489 0.280196 0.491313
62 0.255881 0.327120 0.083542 0.104605
64 0.800543 0.614919 0.038139 0.028607
63 0.544004 0.465167 0.127995 0.175072
62 0.544451 0.462578 0.122853 0.177084
56 0.123892 0.414607 0.113218 0.260851
56 0.894233 0.805881 0.208575 0.388237
66 0.326242 0.451075 0.048136 0.053565
62 0.225731 0.297665 0.078867 0.086953
56 0.161925 0.511612 0.103330 0.291735
56 0.165448 0.279947 0.054399 0.083241
