39 0.617651 0.660040 0.027500 0.132843
56 0.327895 0.604220 0.114439 0.208046
63 0.077448 0.562542 0.097776 0.088475
56 0.132649 0.762343 0.150348 0.324302
0 0.185011 0.557381 0.109792 0.185858
56 0.225714 0.669353 0.115316 0.240667
62 0.014165 0.531087 0.027494 0.069175
0 0.158023 0.515197 0.065678 0.103848
62 0.481102 0.495249 0.068470 0.057681
63 0.015035 0.532242 0.030067 0.071953
39 0.645277 0.673962 0.029224 0.124253
56 0.134782 0.673410 0.106448 0.161973
69 0.474268 0.575671 0.099851 0.167105
0 0.035730 0.779141 0.071005 0.433054
