0 0.592167 0.687089 0.213536 0.623001
56 0.374340 0.657584 0.118464 0.231008
56 0.278576 0.732620 0.157002 0.323797
56 0.119479 0.811097 0.216942 0.374054
63 0.248794 0.556380 0.080473 0.079155
39 0.767484 0.682376 0.029889 0.142528
62 0.189656 0.529565 0.035929 0.071244
62 0.136434 0.558244 0.079925 0.095454
66 0.090503 0.627926 0.096093 0.046161
56 0.439978 0.607395 0.087423 0.187393
67 0.709791 0.764971 0.037822 0.027486
66 0.022034 0.711796 0.043222 0.035324
39 0.797260 0.694987 0.031401 0.143130
56 0.482508 0.584989 0.056140 0.154159
62 0.243605 0.556818 0.075255 0.077757
56 0.329072 0.527021 0.061624 0.043066
64 0.136469 0.608351 0.013319 0.021073
