0 0.401165 0.632685 0.215022 0.591136
62 0.332611 0.372455 0.108117 0.127930
39 0.720316 0.590424 0.045638 0.137436
56 0.342140 0.747587 0.297071 0.500624
56 0.674521 0.863458 0.305451 0.273085
66 0.828289 0.573991 0.088411 0.053142
64 0.800715 0.615060 0.038024 0.028863
63 0.518285 0.480352 0.172789 0.201943
62 0.553278 0.461402 0.105218 0.168814
62 0.256026 0.328145 0.088401 0.108675
66 0.504044 0.540335 0.124481 0.062928
56 0.896379 0.798796 0.204441 0.379555
56 0.125076 0.415075 0.113647 0.264867
56 0.177221 0.520761 0.128514 0.273892
62 0.225520 0.297594 0.077342 0.086274
66 0.482988 0.583995 0.081890 0.058622
62 0.462088 0.436754 0.090293 0.149801
64 0.520626 0.609088 0.028002 0.023033
