0 0.497069 0.685020 0.204755 0.620129
39 0.617898 0.659252 0.027190 0.133834
0 0.185891 0.552307 0.109074 0.179882
63 0.077187 0.564165 0.097222 0.089137
56 0.330718 0.603134 0.110696 0.202595
56 0.119580 0.774464 0.178057 0.298175
56 0.232145 0.663154 0.108909 0.228857
39 0.645501 0.673450 0.029656 0.124095
62 0.014311 0.533151 0.027840 0.074091
63 0.014586 0.536802 0.029171 0.079216
56 0.120217 0.694301 0.145310 0.207649
56 0.025881 0.781902 0.051761 0.253550
56 0.158803 0.633833 0.069451 0.116980
56 0.286227 0.575225 0.069106 0.151340
