56 0.308626 0.735499 0.259102 0.510467
66 0.458868 0.571904 0.124547 0.080186
66 0.829957 0.576870 0.091688 0.051162
62 0.551961 0.460689 0.105807 0.170425
62 0.428064 0.440152 0.158259 0.174812
39 0.722742 0.589099 0.045562 0.136056
56 0.122200 0.419842 0.112235 0.275747
64 0.800283 0.615481 0.037917 0.029881
66 0.513131 0.537543 0.091509 0.073072
62 0.331146 0.369875 0.110874 0.130335
56 0.673141 0.867710 0.303428 0.263093
63 0.535521 0.472010 0.138586 0.191510
62 0.257990 0.328475 0.095386 0.104356
56 0.164912 0.277151 0.055386 0.080959
