0 0.502827 0.686409 0.281004 0.626827
39 0.616564 0.660044 0.029053 0.139973
63 0.078820 0.563531 0.097262 0.087063
56 0.121560 0.765562 0.171999 0.312823
0 0.186852 0.556419 0.109227 0.183768
56 0.325997 0.603961 0.104444 0.201981
39 0.644620 0.675576 0.030357 0.125191
56 0.025848 0.773407 0.051695 0.267373
56 0.237266 0.660367 0.100804 0.224500
62 0.014923 0.532303 0.029463 0.072111
0 0.161707 0.515134 0.060320 0.107912
56 0.014835 0.534575 0.029606 0.076200
56 0.126636 0.659405 0.114556 0.142369
62 0.029749 0.307030 0.054187 0.071065
