0 0.607198 0.699740 0.270048 0.600514
56 0.278249 0.733153 0.157763 0.322896
56 0.374635 0.657904 0.119120 0.230759
56 0.120982 0.810415 0.214100 0.376406
63 0.248678 0.556403 0.080054 0.079767
39 0.767857 0.682846 0.030828 0.143748
62 0.136983 0.558338 0.079449 0.095468
62 0.189391 0.529791 0.037670 0.071783
56 0.437737 0.606430 0.086745 0.187767
39 0.797103 0.692627 0.030823 0.144597
66 0.089099 0.627750 0.096033 0.043964
66 0.021577 0.712120 0.042014 0.036614
56 0.328687 0.527105 0.060660 0.043399
