0 0.499550 0.686203 0.207056 0.622347
39 0.617643 0.657869 0.027557 0.131490
0 0.185416 0.554088 0.109938 0.183915
63 0.077277 0.563611 0.097581 0.089045
56 0.333214 0.601931 0.106500 0.201156
56 0.117994 0.772052 0.179173 0.307245
56 0.233594 0.663665 0.107730 0.231374
62 0.014595 0.533479 0.027756 0.073701
39 0.645248 0.672427 0.029748 0.122240
56 0.122962 0.687766 0.142913 0.207074
63 0.014748 0.537174 0.029497 0.080665
56 0.023755 0.785475 0.047065 0.240247
56 0.285401 0.577433 0.067844 0.156216
