56 0.332302 0.601766 0.108766 0.202865
63 0.079594 0.563739 0.095144 0.085010
0 0.187199 0.552937 0.112158 0.180631
39 0.619413 0.656348 0.028496 0.134100
56 0.123524 0.757281 0.167436 0.336431
62 0.484449 0.493218 0.069753 0.056678
56 0.024376 0.782122 0.048616 0.250774
56 0.235571 0.662813 0.106046 0.234658
39 0.646592 0.670160 0.028211 0.127423
63 0.015224 0.536595 0.030448 0.077839
62 0.016220 0.533514 0.030405 0.071457
69 0.591819 0.601974 0.126236 0.154963
56 0.294175 0.547227 0.048027 0.091229
