0 0.442046 0.639905 0.268812 0.600905
39 0.719597 0.589199 0.045773 0.139058
62 0.334589 0.369401 0.112327 0.128719
56 0.324161 0.749276 0.275305 0.496639
66 0.828697 0.573975 0.087775 0.052973
56 0.674284 0.862038 0.306070 0.275924
62 0.255299 0.326422 0.090589 0.108857
64 0.800995 0.614890 0.037692 0.029599
62 0.545693 0.465056 0.116471 0.178727
56 0.125875 0.421712 0.117002 0.274431
66 0.329574 0.450307 0.058357 0.051768
63 0.545959 0.469019 0.121683 0.180919
56 0.893688 0.805107 0.210143 0.389786
56 0.168231 0.516047 0.114960 0.282031
62 0.227593 0.297931 0.082905 0.087549
