0 0.589367 0.693298 0.217697 0.606414
56 0.119632 0.809747 0.217811 0.378066
56 0.374005 0.658352 0.119823 0.231798
56 0.278411 0.737140 0.158250 0.318263
63 0.251880 0.556487 0.084789 0.080978
39 0.767923 0.682056 0.030518 0.140426
62 0.189878 0.529319 0.036780 0.070699
62 0.134925 0.559002 0.084516 0.095245
39 0.797221 0.694302 0.030948 0.139552
56 0.434342 0.579126 0.071542 0.134329
56 0.451936 0.611125 0.077372 0.188549
66 0.088078 0.624978 0.095580 0.045826
66 0.021747 0.709906 0.042391 0.037429
56 0.327173 0.529234 0.058358 0.044752
