0 0.451728 0.553355 0.254759 0.722973
56 0.334673 0.750379 0.298455 0.499241
39 0.719892 0.590289 0.045846 0.137542
63 0.533343 0.491916 0.136598 0.168465
66 0.828854 0.574914 0.088543 0.052155
62 0.333154 0.369629 0.109353 0.127856
62 0.254014 0.326668 0.086648 0.108856
64 0.800675 0.614995 0.037455 0.028060
56 0.124686 0.412287 0.114791 0.257681
56 0.674049 0.862356 0.301161 0.275288
62 0.226320 0.297744 0.079376 0.086801
62 0.163552 0.089751 0.043490 0.037160
66 0.485528 0.582000 0.073120 0.058127
56 0.165309 0.280191 0.054761 0.083418
56 0.169592 0.513448 0.120125 0.282595
66 0.496948 0.564261 0.085961 0.073346
