0 0.430205 0.562287 0.162865 0.856037
39 0.720172 0.589023 0.045820 0.137954
66 0.828585 0.575177 0.088130 0.050400
63 0.539893 0.473985 0.127942 0.194833
56 0.304417 0.737350 0.256917 0.525300
66 0.488997 0.579408 0.066489 0.062076
62 0.551004 0.461242 0.105853 0.169725
64 0.800973 0.614683 0.037029 0.028324
56 0.122519 0.416842 0.108595 0.262476
66 0.517053 0.540961 0.090417 0.055302
62 0.255370 0.327995 0.085315 0.104695
56 0.894859 0.804317 0.208853 0.391366
62 0.324142 0.369068 0.095449 0.132237
56 0.166121 0.279780 0.054771 0.083204
62 0.228564 0.297335 0.085663 0.086267
