0 0.584344 0.699019 0.221813 0.601962
56 0.121516 0.809447 0.213558 0.378538
56 0.278836 0.733617 0.157771 0.320903
56 0.374226 0.657444 0.120269 0.229913
63 0.248456 0.556384 0.078018 0.079536
39 0.767774 0.682846 0.030726 0.143019
62 0.189516 0.529279 0.037946 0.070911
62 0.136963 0.558582 0.078826 0.096275
56 0.434217 0.590564 0.076772 0.163462
67 0.709443 0.766006 0.037317 0.026574
39 0.797197 0.693836 0.030571 0.142558
66 0.021894 0.712014 0.042699 0.036968
66 0.090075 0.626718 0.093561 0.044936
