0 0.423698 0.553789 0.157678 0.812412
39 0.720036 0.589025 0.045667 0.137147
66 0.829115 0.575397 0.088826 0.051059
66 0.487239 0.578567 0.070724 0.063973
63 0.534410 0.479109 0.141945 0.201953
56 0.299456 0.730925 0.245637 0.520796
62 0.537219 0.469729 0.136056 0.183228
56 0.118883 0.394529 0.109650 0.232414
64 0.800807 0.614754 0.037625 0.027884
62 0.254616 0.326720 0.088721 0.109383
56 0.674829 0.866043 0.306545 0.267914
62 0.317938 0.367501 0.082934 0.126015
56 0.895201 0.802991 0.206833 0.388745
66 0.514893 0.545642 0.095649 0.056563
62 0.226121 0.297088 0.079933 0.086556
56 0.164439 0.279741 0.053024 0.082126
