0 0.416355 0.553280 0.154290 0.793719
39 0.719801 0.589529 0.045434 0.135766
56 0.305267 0.738961 0.251007 0.522078
66 0.828801 0.575401 0.087910 0.051207
62 0.535697 0.469947 0.138842 0.182492
66 0.325448 0.450907 0.053735 0.053409
63 0.533119 0.476628 0.145327 0.196078
64 0.800929 0.614937 0.037138 0.028466
56 0.673701 0.858435 0.311191 0.283130
62 0.255621 0.327575 0.088156 0.107682
66 0.491469 0.580171 0.060649 0.059625
56 0.894199 0.803001 0.209111 0.393998
56 0.127034 0.420102 0.105818 0.257243
62 0.226042 0.297170 0.080582 0.085880
62 0.314022 0.368792 0.073493 0.127175
56 0.164409 0.280856 0.053807 0.083241
66 0.514769 0.541015 0.097772 0.062179
56 0.123729 0.287082 0.036080 0.068276
