56 0.307961 0.731544 0.258731 0.516647
66 0.460691 0.568927 0.129441 0.082840
39 0.719930 0.589758 0.046684 0.138524
62 0.551680 0.459523 0.102719 0.165742
66 0.829383 0.572267 0.089215 0.056557
62 0.427395 0.437432 0.160947 0.178617
56 0.124291 0.423789 0.113474 0.285465
64 0.798190 0.612994 0.037718 0.028281
66 0.511251 0.539665 0.098473 0.067797
62 0.334067 0.369307 0.115179 0.126293
62 0.256459 0.326361 0.091232 0.107293
62 0.164856 0.089583 0.040071 0.036070
56 0.672611 0.861082 0.304011 0.277836
