0 0.585489 0.691973 0.218614 0.615876
56 0.118734 0.811104 0.217557 0.375524
56 0.278517 0.737561 0.156707 0.315532
56 0.373751 0.657562 0.121420 0.231007
63 0.250513 0.556423 0.082550 0.081112
39 0.768050 0.683624 0.030245 0.142023
62 0.189581 0.529802 0.036989 0.071728
62 0.134863 0.559392 0.084969 0.094238
56 0.433999 0.589322 0.077820 0.160832
66 0.087271 0.621374 0.089649 0.044353
66 0.021780 0.710988 0.042810 0.034558
39 0.796913 0.692443 0.030971 0.143249
56 0.405734 0.617973 0.117260 0.201976
