0 0.385053 0.636266 0.246445 0.568647
39 0.721452 0.588560 0.046414 0.136306
66 0.462316 0.572577 0.112960 0.082014
56 0.310581 0.767387 0.209897 0.465226
62 0.552659 0.460012 0.102235 0.164567
66 0.830555 0.575374 0.090275 0.049296
64 0.520987 0.609090 0.027835 0.022805
64 0.798220 0.612215 0.041666 0.027697
66 0.505490 0.537264 0.116291 0.065102
63 0.507380 0.478803 0.183043 0.205603
56 0.173000 0.520912 0.129427 0.275645
56 0.123907 0.423071 0.112705 0.274348
62 0.334149 0.371563 0.113213 0.134525
