0 0.613022 0.694037 0.275905 0.611213
56 0.279881 0.736065 0.155191 0.319304
56 0.373118 0.656993 0.124483 0.234574
56 0.119360 0.812907 0.219853 0.371018
63 0.249163 0.555780 0.081144 0.080079
39 0.767719 0.683215 0.029977 0.141659
62 0.189622 0.529988 0.036840 0.073113
62 0.135683 0.558350 0.083501 0.095552
66 0.087452 0.628892 0.093036 0.043120
56 0.434471 0.591163 0.076665 0.159827
56 0.406579 0.620566 0.114066 0.197002
66 0.021766 0.709558 0.042584 0.036342
64 0.136002 0.607601 0.013740 0.020427
