0 0.519293 0.560305 0.112241 0.374371
39 0.617477 0.658392 0.026364 0.131270
56 0.332080 0.601734 0.107101 0.200967
63 0.076850 0.565194 0.095682 0.091866
0 0.185455 0.557485 0.111445 0.177423
56 0.121968 0.766719 0.169733 0.318580
56 0.232221 0.668648 0.109238 0.234883
62 0.015305 0.532994 0.029060 0.071577
39 0.644437 0.674072 0.029660 0.120594
63 0.473006 0.494819 0.051942 0.053331
56 0.026613 0.818243 0.053226 0.258825
63 0.015026 0.536640 0.030051 0.077717
56 0.118447 0.695402 0.128643 0.186761
