0 0.433788 0.610214 0.250731 0.644036
39 0.720117 0.589071 0.045899 0.136650
62 0.334649 0.369708 0.111831 0.126153
66 0.828838 0.574162 0.088598 0.052510
56 0.674796 0.866393 0.301720 0.267214
63 0.554921 0.468765 0.104777 0.174701
56 0.322125 0.751355 0.265902 0.492938
64 0.800235 0.614764 0.038773 0.029078
62 0.555548 0.466127 0.101214 0.170740
62 0.254334 0.326463 0.088502 0.109606
56 0.123330 0.413141 0.112228 0.258501
62 0.227555 0.298351 0.081966 0.088936
56 0.290388 0.544502 0.101590 0.127090
66 0.327451 0.452094 0.045809 0.054331
56 0.896751 0.798596 0.204251 0.379056
56 0.178301 0.522022 0.132002 0.271133
62 0.162209 0.090260 0.044311 0.037441
56 0.164889 0.280459 0.052514 0.082763
