0 0.387019 0.640523 0.250208 0.580087
39 0.719901 0.588899 0.044501 0.137104
62 0.333798 0.370747 0.111550 0.130335
66 0.462571 0.576408 0.108997 0.073203
64 0.798928 0.613807 0.038631 0.027508
62 0.551384 0.460280 0.101731 0.168771
56 0.337697 0.754685 0.279890 0.490284
64 0.520721 0.607591 0.030890 0.024034
66 0.505522 0.538150 0.102701 0.068604
66 0.828410 0.572945 0.090537 0.053156
56 0.674766 0.857180 0.298744 0.285640
62 0.259240 0.327922 0.092978 0.108212
56 0.124091 0.422517 0.106482 0.263406
62 0.166294 0.279355 0.056450 0.084111
56 0.179472 0.534480 0.124257 0.253223
