0 0.494251 0.684166 0.216344 0.624003
63 0.078799 0.563467 0.097978 0.087394
39 0.616024 0.655921 0.026965 0.134124
0 0.187081 0.556795 0.109950 0.185987
56 0.327107 0.604575 0.111502 0.201849
56 0.122091 0.780194 0.172602 0.287940
39 0.644596 0.675447 0.030365 0.130397
56 0.229241 0.668273 0.113657 0.234058
62 0.014862 0.532269 0.029158 0.073350
56 0.025906 0.779351 0.051811 0.254822
56 0.124708 0.676930 0.107844 0.156430
56 0.267811 0.619786 0.123575 0.219199
56 0.286624 0.580174 0.070222 0.159130
