63 0.079610 0.564109 0.094969 0.086389
39 0.618732 0.660421 0.027232 0.129817
0 0.184070 0.555892 0.109253 0.187394
56 0.106726 0.761149 0.139956 0.316599
56 0.226520 0.667408 0.112238 0.232533
69 0.474064 0.572865 0.099179 0.169271
56 0.340670 0.604796 0.086926 0.192617
56 0.023811 0.786955 0.047601 0.230521
63 0.014775 0.538757 0.029550 0.081472
39 0.645770 0.672440 0.028710 0.127574
62 0.015087 0.538506 0.029529 0.081185
56 0.307779 0.598968 0.078100 0.182808
56 0.262525 0.624616 0.116842 0.219791
