0 0.421376 0.554354 0.151971 0.815723
39 0.719986 0.589831 0.046082 0.137161
66 0.828606 0.574857 0.088344 0.050606
56 0.298757 0.730084 0.245469 0.523332
62 0.256429 0.327511 0.089605 0.107624
62 0.538815 0.467015 0.131002 0.180979
64 0.800473 0.615078 0.038070 0.028476
62 0.317210 0.368752 0.079901 0.127770
56 0.124323 0.417916 0.109544 0.263253
63 0.535285 0.475855 0.139498 0.197953
66 0.512601 0.545537 0.094178 0.062331
66 0.326249 0.450643 0.053392 0.055826
56 0.674883 0.857945 0.312890 0.284110
62 0.225264 0.296899 0.078480 0.085539
56 0.896097 0.802165 0.206735 0.382876
66 0.492867 0.580662 0.058857 0.061813
56 0.144077 0.473291 0.081008 0.226229
56 0.162787 0.280707 0.051697 0.082712
