0 0.570569 0.686996 0.238989 0.626009
56 0.121625 0.809055 0.210458 0.381603
56 0.373987 0.656546 0.124358 0.235605
56 0.279312 0.737772 0.158168 0.313927
63 0.249269 0.555954 0.083115 0.082012
39 0.768590 0.683335 0.031334 0.139598
62 0.189081 0.530369 0.036584 0.072787
62 0.135778 0.558503 0.082515 0.095172
56 0.437177 0.574263 0.058517 0.119227
66 0.087971 0.626686 0.091060 0.041996
66 0.030436 0.708885 0.059681 0.039131
56 0.328676 0.527587 0.062090 0.043622
39 0.797555 0.694121 0.030488 0.142113
