0 0.481083 0.679970 0.261279 0.636033
39 0.616444 0.650199 0.027004 0.118684
0 0.187383 0.551447 0.109999 0.174887
63 0.079558 0.563056 0.098543 0.087060
56 0.123688 0.764301 0.170867 0.317288
39 0.644634 0.662073 0.029141 0.098569
56 0.329452 0.600582 0.123375 0.205232
62 0.014702 0.532379 0.028839 0.073844
56 0.234288 0.662148 0.109878 0.235440
56 0.025975 0.785866 0.051950 0.240031
67 0.566066 0.744706 0.033452 0.027361
56 0.268220 0.624187 0.101472 0.218664
56 0.292097 0.531575 0.050108 0.063159
56 0.285980 0.582564 0.073576 0.160488
56 0.138883 0.652269 0.101953 0.147411
