0 0.425025 0.529147 0.172260 0.798481
39 0.719512 0.591029 0.045335 0.136758
63 0.532856 0.477983 0.140604 0.199778
66 0.829179 0.574373 0.088521 0.052240
56 0.673129 0.860338 0.309939 0.279323
56 0.300648 0.729692 0.249447 0.529529
56 0.121595 0.417005 0.109645 0.265472
64 0.800458 0.614906 0.038548 0.027821
62 0.257171 0.326738 0.091047 0.109834
56 0.896236 0.801545 0.206013 0.388568
66 0.515004 0.540610 0.096997 0.063299
62 0.314067 0.365919 0.074476 0.123821
62 0.552729 0.462903 0.103547 0.170348
62 0.288463 0.341410 0.123419 0.122405
62 0.162259 0.089985 0.045303 0.035965
62 0.226870 0.297391 0.081706 0.086955
