0 0.581584 0.682603 0.204047 0.623867
56 0.373689 0.657047 0.121159 0.231901
56 0.278725 0.734522 0.158870 0.319168
56 0.120529 0.813705 0.216545 0.368574
63 0.249190 0.556037 0.079524 0.078259
39 0.767667 0.682936 0.030216 0.141315
62 0.189503 0.529419 0.037259 0.071643
62 0.136383 0.558398 0.080184 0.097234
66 0.089725 0.628111 0.094301 0.046144
56 0.430335 0.581435 0.078810 0.142288
67 0.710137 0.764327 0.037895 0.028210
66 0.021996 0.710271 0.042889 0.036633
39 0.797093 0.692377 0.031074 0.141916
56 0.328688 0.527333 0.061359 0.043692
