0 0.519152 0.688761 0.199314 0.622478
63 0.083943 0.564676 0.102813 0.085660
56 0.332442 0.603536 0.106999 0.202731
39 0.618946 0.660091 0.028112 0.136466
0 0.186760 0.553931 0.111319 0.181733
56 0.119781 0.775243 0.177115 0.297179
56 0.230281 0.668208 0.114959 0.233672
56 0.026431 0.782306 0.052862 0.256835
62 0.015809 0.530000 0.030206 0.072666
39 0.646523 0.671081 0.028310 0.127712
63 0.015487 0.533109 0.030974 0.072850
56 0.125369 0.686379 0.120074 0.180624
0 0.161734 0.513061 0.064482 0.105223
