0 0.426452 0.532705 0.179752 0.794871
63 0.533940 0.472777 0.139244 0.197050
39 0.719508 0.588767 0.046697 0.137508
66 0.828846 0.574630 0.088879 0.052190
64 0.800477 0.614813 0.038000 0.029008
56 0.674256 0.861114 0.305924 0.277771
56 0.299206 0.730876 0.246844 0.521662
56 0.121626 0.421792 0.109291 0.267451
62 0.258411 0.328473 0.089081 0.104825
28 0.227051 0.297602 0.081858 0.086470
62 0.313701 0.368171 0.074677 0.126138
56 0.896332 0.797205 0.206633 0.380494
66 0.515811 0.542120 0.101028 0.050386
62 0.162086 0.089780 0.045682 0.036433
