0 0.589698 0.692788 0.217976 0.614420
56 0.278761 0.733838 0.156295 0.320785
56 0.374374 0.657739 0.118747 0.230370
56 0.119649 0.811780 0.218682 0.372144
63 0.249027 0.556379 0.080674 0.079283
39 0.767687 0.682108 0.030200 0.141443
62 0.136608 0.557906 0.079744 0.095932
62 0.189844 0.529657 0.036528 0.071667
67 0.709173 0.766279 0.037998 0.027793
56 0.438776 0.608843 0.090650 0.188370
66 0.090285 0.627238 0.092901 0.044484
66 0.021873 0.712014 0.042857 0.036304
62 0.243853 0.556644 0.075767 0.078653
