0 0.455929 0.598111 0.128809 0.478799
63 0.078664 0.563804 0.099203 0.088551
56 0.326142 0.606518 0.111881 0.206011
39 0.617074 0.659084 0.027506 0.130453
0 0.185229 0.561516 0.111221 0.196441
56 0.121970 0.775389 0.168694 0.298610
56 0.230356 0.669269 0.107800 0.231693
56 0.023392 0.812219 0.046427 0.200278
62 0.015019 0.532733 0.028402 0.071688
69 0.590389 0.603584 0.130609 0.136767
39 0.645120 0.674163 0.029752 0.121398
56 0.115748 0.669266 0.094745 0.121863
56 0.262024 0.629320 0.103322 0.209142
63 0.014782 0.536689 0.029564 0.078090
56 0.293586 0.537595 0.048370 0.073509
