56 0.307906 0.730353 0.259731 0.520424
56 0.673311 0.862391 0.302701 0.275217
62 0.551983 0.459802 0.101189 0.163658
39 0.719707 0.589311 0.045868 0.137176
66 0.460381 0.567160 0.130003 0.088595
62 0.431427 0.439917 0.154731 0.170640
66 0.829267 0.575371 0.089673 0.050876
56 0.122841 0.418379 0.111985 0.271097
64 0.801202 0.614572 0.037251 0.029168
62 0.332591 0.369368 0.112072 0.128542
66 0.509886 0.539780 0.102526 0.066282
62 0.257401 0.327473 0.092270 0.106754
56 0.895847 0.799419 0.207139 0.378042
62 0.165629 0.281138 0.054491 0.082759
62 0.162543 0.089817 0.044188 0.036309
