39 0.719646 0.590164 0.046681 0.138671
56 0.313658 0.743834 0.257743 0.512331
0 0.446030 0.523621 0.194073 0.777191
63 0.534471 0.478164 0.137750 0.184944
66 0.828760 0.576736 0.089737 0.048363
56 0.673958 0.863886 0.303028 0.272229
64 0.800929 0.615145 0.037479 0.028629
62 0.330587 0.368808 0.103495 0.124280
56 0.124681 0.418771 0.116422 0.266142
62 0.255751 0.326720 0.090416 0.108338
62 0.227243 0.297867 0.080414 0.087314
66 0.519479 0.527292 0.109908 0.081277
56 0.161795 0.508686 0.102672 0.280972
56 0.164587 0.280845 0.053596 0.082852
66 0.503954 0.555345 0.088686 0.075047
56 0.898947 0.783541 0.198494 0.350473
