0 0.415211 0.543326 0.153240 0.787109
39 0.719858 0.589426 0.045641 0.135920
66 0.829433 0.574315 0.088127 0.051923
56 0.307349 0.738886 0.261899 0.522227
62 0.538561 0.467952 0.131821 0.179048
66 0.493655 0.580721 0.057981 0.058356
66 0.326313 0.451866 0.052579 0.053197
64 0.800977 0.615018 0.037687 0.028461
56 0.123640 0.415656 0.108434 0.257537
62 0.257481 0.327743 0.091221 0.106972
56 0.893299 0.803929 0.211230 0.392142
63 0.534506 0.474981 0.141873 0.192645
56 0.673557 0.853999 0.311938 0.292001
62 0.227043 0.297536 0.082872 0.085943
62 0.163234 0.090311 0.043766 0.036598
66 0.514461 0.541383 0.093741 0.063177
56 0.164456 0.281259 0.053332 0.083753
62 0.313260 0.368424 0.071753 0.126894
56 0.141910 0.475935 0.084352 0.237351
