0 0.498548 0.685739 0.208993 0.617723
39 0.617734 0.657622 0.027173 0.132165
63 0.077408 0.563873 0.097679 0.089539
0 0.185285 0.555504 0.109050 0.186145
56 0.334481 0.600492 0.103697 0.199469
56 0.117683 0.773134 0.179128 0.305937
56 0.233827 0.663299 0.105793 0.228642
39 0.645396 0.671890 0.029571 0.124448
62 0.014775 0.533937 0.028353 0.074891
56 0.123032 0.685686 0.140785 0.200094
56 0.023776 0.786853 0.047072 0.238902
63 0.015031 0.537019 0.030062 0.080646
56 0.286202 0.575545 0.066264 0.152215
