0 0.571805 0.683979 0.217890 0.625757
56 0.122446 0.810698 0.211301 0.377703
56 0.373653 0.656668 0.123114 0.234372
56 0.279530 0.736756 0.157932 0.314009
63 0.249774 0.555922 0.082688 0.080625
39 0.767764 0.683447 0.030591 0.141370
62 0.188761 0.529897 0.037082 0.071388
62 0.135556 0.559016 0.083144 0.095470
56 0.434252 0.576642 0.066392 0.131087
39 0.797510 0.694624 0.031007 0.134492
66 0.089726 0.626781 0.093590 0.044787
66 0.022228 0.710591 0.043200 0.037353
56 0.328956 0.527332 0.061908 0.043097
