0 0.536622 0.677282 0.201262 0.645435
56 0.119915 0.811239 0.216719 0.376562
56 0.280619 0.736008 0.155902 0.317902
56 0.372762 0.659617 0.113419 0.230942
63 0.252949 0.556143 0.080560 0.078604
39 0.765707 0.681860 0.031148 0.136193
62 0.139985 0.558157 0.078178 0.093596
62 0.190726 0.529788 0.041254 0.069115
66 0.089031 0.624953 0.100330 0.047173
69 0.621351 0.594431 0.100009 0.153353
66 0.022308 0.713154 0.043690 0.039986
56 0.624152 0.850640 0.115417 0.298721
39 0.795378 0.696353 0.030504 0.141051
