56 0.306403 0.731134 0.255151 0.522982
62 0.552855 0.462006 0.101882 0.166566
39 0.719754 0.588284 0.046669 0.138580
66 0.461020 0.568525 0.130775 0.081786
66 0.829430 0.574541 0.090256 0.051811
56 0.121675 0.417479 0.111471 0.268012
62 0.431284 0.440394 0.154840 0.172276
62 0.332403 0.368650 0.110855 0.129441
64 0.800955 0.614382 0.037539 0.028209
56 0.675323 0.856714 0.311664 0.286572
66 0.507939 0.540809 0.108549 0.065506
62 0.165103 0.280387 0.052304 0.083318
62 0.162012 0.090064 0.044954 0.037642
62 0.257146 0.326606 0.091583 0.108389
