0 0.586322 0.686281 0.203389 0.623853
56 0.279103 0.738912 0.157021 0.325788
56 0.120850 0.814446 0.212175 0.369301
56 0.370189 0.656084 0.121195 0.236378
63 0.249136 0.556626 0.082499 0.080741
39 0.768785 0.682330 0.030936 0.140097
62 0.135565 0.558521 0.081030 0.093889
62 0.188341 0.530055 0.036022 0.072770
39 0.798473 0.694906 0.030936 0.136590
56 0.432768 0.584285 0.078187 0.154596
66 0.032320 0.706295 0.063329 0.039897
56 0.456207 0.608728 0.095777 0.187846
66 0.088362 0.628742 0.090623 0.041759
69 0.638511 0.593806 0.066177 0.110764
