0 0.578972 0.686362 0.225633 0.621164
56 0.118648 0.812256 0.217490 0.373718
56 0.374020 0.657711 0.118906 0.230458
56 0.278778 0.737105 0.157360 0.312778
63 0.250163 0.556444 0.082442 0.081329
39 0.768609 0.681936 0.031260 0.139953
62 0.190355 0.531101 0.034959 0.071658
62 0.136169 0.558949 0.081498 0.094175
56 0.436063 0.578425 0.064920 0.130055
39 0.797286 0.693149 0.030870 0.144015
66 0.087445 0.627797 0.095891 0.044679
66 0.022153 0.710855 0.043250 0.036323
56 0.327290 0.528709 0.058863 0.045416
