56 0.279932 0.738545 0.156259 0.312450
56 0.373972 0.657307 0.119809 0.228654
63 0.249790 0.557578 0.076707 0.078454
56 0.122779 0.825090 0.215146 0.347204
39 0.766159 0.681944 0.029082 0.136154
62 0.137762 0.558778 0.078793 0.095024
56 0.491182 0.604438 0.082783 0.188367
62 0.191265 0.530442 0.036772 0.070592
66 0.090360 0.628074 0.099001 0.048373
39 0.796241 0.694532 0.030881 0.142330
66 0.022363 0.712683 0.043866 0.035941
64 0.136891 0.608123 0.014615 0.020935
62 0.626924 0.503872 0.063566 0.059104
56 0.442380 0.608646 0.097625 0.195150
