0 0.588867 0.693797 0.223778 0.609932
56 0.119683 0.809752 0.217265 0.377901
56 0.278221 0.736051 0.157635 0.320898
56 0.374226 0.658330 0.121632 0.232909
63 0.250886 0.556288 0.083546 0.080232
39 0.767509 0.682126 0.030088 0.140662
62 0.189989 0.529422 0.036963 0.071496
62 0.135965 0.558829 0.082724 0.094407
39 0.797247 0.693966 0.030751 0.136617
56 0.436567 0.582934 0.070034 0.141885
66 0.088648 0.626370 0.094959 0.044872
66 0.021755 0.713008 0.042617 0.036427
56 0.327229 0.528744 0.058956 0.044278
