0 0.626461 0.690927 0.297453 0.616749
56 0.119373 0.808678 0.217806 0.380558
56 0.278466 0.736721 0.157951 0.314464
56 0.372437 0.657200 0.122010 0.233530
63 0.249752 0.556143 0.080904 0.080053
39 0.768353 0.682992 0.030964 0.142655
62 0.189008 0.529675 0.037751 0.071168
62 0.135811 0.558493 0.083339 0.094032
66 0.021975 0.710023 0.042662 0.037387
39 0.797419 0.694409 0.030829 0.146173
66 0.088271 0.628056 0.093075 0.043078
56 0.436791 0.579937 0.067019 0.128761
56 0.327546 0.528976 0.058283 0.044803
56 0.410718 0.621012 0.123212 0.204884
