0 0.428001 0.631254 0.255964 0.582284
62 0.333202 0.371126 0.108914 0.127557
39 0.720075 0.589778 0.045656 0.137734
56 0.332837 0.746962 0.291402 0.498702
66 0.829012 0.572023 0.088341 0.056656
56 0.675015 0.863124 0.307387 0.273752
63 0.545901 0.468412 0.118754 0.175579
64 0.801263 0.614816 0.036419 0.028144
62 0.256235 0.326955 0.090546 0.108326
56 0.124268 0.414581 0.113311 0.264720
62 0.552225 0.463941 0.105409 0.171761
56 0.896646 0.799285 0.203490 0.375056
56 0.165944 0.513745 0.111572 0.286981
62 0.226028 0.298103 0.078977 0.087803
62 0.162390 0.089283 0.044102 0.037655
56 0.164406 0.279436 0.054190 0.082061
66 0.325111 0.449458 0.047535 0.053488
56 0.284535 0.535785 0.088248 0.116912
66 0.494374 0.564969 0.104326 0.053359
