0 0.440623 0.562393 0.209704 0.844716
39 0.719657 0.588515 0.046461 0.138249
56 0.308687 0.735265 0.264234 0.529470
66 0.828900 0.573629 0.087998 0.052935
63 0.532694 0.478349 0.144136 0.201961
66 0.481379 0.577270 0.081429 0.065506
64 0.801218 0.614691 0.036736 0.028242
56 0.121935 0.419052 0.109642 0.267811
62 0.551420 0.462275 0.106562 0.170589
66 0.514475 0.543458 0.092197 0.058563
62 0.323316 0.369150 0.093671 0.127174
62 0.255567 0.326794 0.090959 0.107310
56 0.894114 0.803987 0.210133 0.392025
66 0.495457 0.559421 0.096137 0.071153
66 0.327201 0.451003 0.057348 0.056681
62 0.226524 0.296834 0.081397 0.086029
62 0.296724 0.340274 0.123024 0.122869
