0 0.496547 0.681571 0.251300 0.632644
39 0.616413 0.648460 0.026358 0.116002
63 0.078152 0.563094 0.096521 0.086502
0 0.186764 0.556614 0.109316 0.185842
56 0.120245 0.765471 0.175321 0.318125
56 0.327728 0.604149 0.107833 0.201691
39 0.644473 0.657793 0.029243 0.087687
56 0.228354 0.668767 0.114608 0.232975
62 0.014678 0.532092 0.028937 0.073954
56 0.026016 0.778588 0.052033 0.256864
67 0.564075 0.747033 0.030515 0.024708
56 0.285687 0.581630 0.069719 0.161656
56 0.261408 0.622209 0.108352 0.215537
