0 0.423347 0.534036 0.165814 0.802428
39 0.719910 0.589166 0.046223 0.138182
63 0.537051 0.475522 0.135244 0.195396
66 0.829076 0.574230 0.088894 0.052955
56 0.122979 0.418077 0.114202 0.270715
56 0.301068 0.731712 0.249597 0.518074
62 0.255843 0.326539 0.090672 0.109874
64 0.800834 0.614931 0.038278 0.028455
56 0.673728 0.866138 0.304153 0.267724
62 0.314989 0.368616 0.076581 0.124137
62 0.536622 0.471260 0.132878 0.188149
62 0.229533 0.299191 0.087137 0.088032
62 0.161844 0.089793 0.046965 0.036948
56 0.166177 0.281282 0.056303 0.084002
