56 0.306023 0.730232 0.256893 0.525518
39 0.720196 0.588987 0.045423 0.137473
62 0.552052 0.461539 0.099933 0.164091
66 0.461686 0.568440 0.131249 0.085081
62 0.429438 0.441866 0.156675 0.170806
66 0.829448 0.574873 0.089470 0.051505
62 0.332453 0.369134 0.111133 0.127942
56 0.675255 0.857164 0.307303 0.285673
56 0.123113 0.417809 0.112817 0.270280
64 0.800599 0.614729 0.038084 0.029632
66 0.502592 0.541396 0.119496 0.066928
62 0.257068 0.327745 0.091820 0.108051
62 0.165113 0.281052 0.052961 0.084078
62 0.161845 0.090038 0.046469 0.037483
62 0.225699 0.297424 0.078957 0.086308
