39 0.720482 0.589257 0.044759 0.139066
0 0.436739 0.528317 0.170850 0.807304
63 0.532069 0.480165 0.145130 0.193677
62 0.323857 0.367880 0.093299 0.124029
66 0.828856 0.575241 0.088158 0.051107
56 0.300530 0.731073 0.248341 0.517960
62 0.257563 0.327258 0.092160 0.107167
64 0.800894 0.614904 0.037428 0.029003
56 0.123622 0.418943 0.112188 0.261738
62 0.227211 0.297847 0.081817 0.086660
56 0.674731 0.852987 0.310668 0.294026
66 0.514494 0.542675 0.103132 0.062498
56 0.898147 0.788586 0.201398 0.361750
62 0.165011 0.280343 0.053385 0.082286
56 0.154178 0.506549 0.086009 0.275384
