39 0.719866 0.590002 0.046220 0.137505
56 0.325712 0.747778 0.289083 0.504445
0 0.442160 0.524544 0.190295 0.774472
63 0.533147 0.481664 0.141300 0.185277
56 0.674638 0.865983 0.302127 0.268034
62 0.329062 0.366823 0.104682 0.127473
66 0.828479 0.575787 0.088884 0.048718
64 0.801016 0.614923 0.036947 0.028672
62 0.255825 0.327664 0.088706 0.107416
56 0.123212 0.414253 0.111929 0.256917
62 0.227493 0.297996 0.082150 0.087290
56 0.895979 0.802918 0.205125 0.389316
66 0.515849 0.540072 0.100160 0.070830
62 0.161475 0.088760 0.046925 0.037823
56 0.164668 0.280504 0.054149 0.083734
