0 0.608889 0.482026 0.086236 0.211367
56 0.329800 0.601562 0.111138 0.202720
0 0.185424 0.561663 0.111393 0.185872
63 0.076601 0.566427 0.095637 0.093009
56 0.120628 0.765809 0.173293 0.321237
39 0.617570 0.660823 0.026977 0.128089
56 0.229502 0.667646 0.114075 0.235595
56 0.026102 0.782509 0.052204 0.255222
39 0.644442 0.675538 0.029242 0.118542
62 0.015527 0.532490 0.029475 0.076169
62 0.473521 0.493440 0.054877 0.050743
56 0.015754 0.535808 0.031310 0.081757
56 0.114448 0.673782 0.095670 0.129583
