0 0.586855 0.689783 0.217225 0.620434
56 0.119409 0.809108 0.218064 0.379711
56 0.278375 0.735610 0.158418 0.316279
56 0.372798 0.656653 0.121084 0.234668
63 0.250015 0.556084 0.081326 0.080131
39 0.768251 0.681939 0.030496 0.140628
62 0.189057 0.529413 0.037725 0.071439
62 0.137029 0.558281 0.080021 0.093642
67 0.708903 0.769270 0.038159 0.031898
66 0.021873 0.710342 0.042641 0.036565
66 0.088165 0.628154 0.091326 0.041940
56 0.441316 0.608385 0.075715 0.186972
39 0.797242 0.693835 0.030654 0.141942
56 0.409166 0.622087 0.116128 0.203189
56 0.438815 0.574065 0.049613 0.122519
