0 0.517713 0.680732 0.202914 0.638537
0 0.187433 0.553428 0.111332 0.181690
56 0.330662 0.603875 0.111601 0.204140
63 0.082518 0.565496 0.099102 0.085348
39 0.617673 0.642524 0.025168 0.099225
56 0.119295 0.758976 0.168006 0.327221
39 0.646445 0.674007 0.029078 0.131134
56 0.227664 0.667241 0.118039 0.236336
56 0.026451 0.791613 0.052813 0.233102
63 0.015636 0.533020 0.031094 0.073063
39 0.628392 0.665331 0.041661 0.133185
56 0.257531 0.624353 0.104412 0.234130
62 0.031071 0.306052 0.056030 0.072623
56 0.285222 0.580812 0.071279 0.162175
62 0.015742 0.531323 0.030473 0.069304
