56 0.323759 0.746244 0.282672 0.507513
39 0.719725 0.589910 0.046781 0.137044
0 0.454686 0.525578 0.197566 0.754827
63 0.535911 0.489699 0.127685 0.165032
56 0.674773 0.868131 0.303192 0.263739
66 0.829099 0.572478 0.088541 0.055594
64 0.801192 0.614973 0.036350 0.027512
62 0.255162 0.326462 0.090605 0.108081
62 0.329506 0.369043 0.106002 0.128572
56 0.123388 0.416114 0.112865 0.256774
62 0.228248 0.298157 0.084386 0.087289
66 0.517273 0.542931 0.095495 0.052825
56 0.902104 0.749111 0.192446 0.281426
62 0.163167 0.089766 0.043634 0.036333
56 0.164359 0.280352 0.053409 0.082941
