0 0.389330 0.643351 0.252322 0.587767
56 0.324332 0.748807 0.266839 0.502385
66 0.461698 0.573594 0.110289 0.080066
39 0.720002 0.589490 0.045624 0.138600
62 0.550970 0.460837 0.101829 0.166299
62 0.333302 0.372793 0.112313 0.131559
66 0.829349 0.575227 0.089994 0.049333
64 0.800708 0.614814 0.037992 0.027650
64 0.520478 0.608501 0.031068 0.023541
66 0.504610 0.538571 0.109893 0.070913
56 0.673301 0.861914 0.299504 0.276172
62 0.255995 0.326954 0.092476 0.107888
56 0.168580 0.519100 0.115090 0.271931
62 0.164836 0.278980 0.055096 0.083489
56 0.126781 0.421451 0.110229 0.266249
