56 0.329540 0.600775 0.112060 0.201564
39 0.617534 0.660338 0.026369 0.133671
63 0.076306 0.563258 0.095534 0.088168
0 0.184861 0.557105 0.109205 0.189360
56 0.118662 0.758906 0.167745 0.335316
56 0.229626 0.667320 0.111639 0.232131
62 0.015477 0.532634 0.029051 0.073619
56 0.025689 0.782919 0.051378 0.254000
69 0.473663 0.584815 0.099498 0.149077
63 0.015431 0.536569 0.030861 0.080094
69 0.591565 0.609264 0.126559 0.155113
56 0.128980 0.663345 0.116305 0.161424
39 0.644642 0.675748 0.029608 0.124611
62 0.477006 0.492787 0.057496 0.050243
