0 0.386526 0.636967 0.246884 0.602290
39 0.720048 0.590120 0.046206 0.136611
66 0.462920 0.572710 0.108153 0.081874
62 0.551306 0.462305 0.103716 0.166232
56 0.335479 0.748638 0.288754 0.502724
66 0.505578 0.542149 0.111663 0.057441
62 0.332767 0.370345 0.113021 0.134754
66 0.828900 0.570335 0.090031 0.058683
64 0.797937 0.612484 0.040178 0.026880
64 0.520798 0.608987 0.028916 0.023562
62 0.450256 0.439496 0.114924 0.153725
56 0.178729 0.525335 0.130280 0.265279
62 0.255907 0.326311 0.083235 0.101851
56 0.122800 0.414096 0.115790 0.259960
