56 0.307777 0.727631 0.261528 0.523274
66 0.458214 0.569735 0.123909 0.077044
39 0.719043 0.587094 0.047389 0.137286
62 0.550933 0.461060 0.099889 0.162162
56 0.673644 0.852100 0.311091 0.295800
64 0.798607 0.613711 0.036797 0.026564
62 0.332988 0.369886 0.114194 0.126512
56 0.124277 0.419058 0.114340 0.274832
62 0.429198 0.438794 0.159481 0.174435
66 0.827748 0.572731 0.091587 0.053187
66 0.512273 0.540693 0.095150 0.056155
62 0.260102 0.328646 0.093176 0.102562
28 0.259166 0.326787 0.092884 0.105248
56 0.169026 0.279993 0.056968 0.083086
