0 0.186019 0.560049 0.108664 0.191902
63 0.077021 0.564540 0.095226 0.084657
39 0.617179 0.660999 0.026210 0.131077
56 0.330977 0.601743 0.110664 0.200391
56 0.229795 0.668915 0.112093 0.231710
56 0.121740 0.762244 0.161270 0.326054
56 0.026179 0.779241 0.052358 0.262163
62 0.015144 0.538115 0.029164 0.079001
62 0.475505 0.493873 0.054457 0.046526
69 0.473627 0.584391 0.103439 0.143449
63 0.015576 0.539995 0.031152 0.083568
39 0.644500 0.677461 0.029652 0.120310
56 0.134619 0.659835 0.103467 0.152130
