39 0.616923 0.659586 0.027070 0.131861
56 0.122432 0.764376 0.169996 0.317418
63 0.076539 0.563859 0.091951 0.087953
0 0.186964 0.553480 0.110325 0.178284
56 0.334184 0.600733 0.102587 0.200086
56 0.229144 0.669532 0.114937 0.235856
62 0.015236 0.533773 0.029839 0.077109
39 0.644605 0.674683 0.029663 0.125668
56 0.026606 0.774963 0.053213 0.261778
62 0.484500 0.493794 0.073106 0.055697
63 0.014652 0.534598 0.029304 0.076657
69 0.474023 0.585074 0.100124 0.146009
0 0.160573 0.515120 0.061776 0.105606
