63 0.536245 0.483440 0.133079 0.184937
56 0.332809 0.747977 0.300675 0.504046
39 0.720274 0.589211 0.046359 0.137297
0 0.455260 0.526775 0.198575 0.755260
62 0.331674 0.369893 0.107191 0.126471
56 0.675160 0.866162 0.302804 0.267676
66 0.828870 0.574144 0.089239 0.052633
62 0.254790 0.327007 0.087344 0.107706
64 0.800793 0.615167 0.038020 0.028105
56 0.123940 0.413495 0.110961 0.255018
62 0.226564 0.297718 0.079229 0.086899
62 0.162339 0.089204 0.045331 0.037615
66 0.518572 0.539158 0.096889 0.060675
56 0.897165 0.794288 0.202011 0.365512
56 0.164181 0.280735 0.053827 0.083973
