0 0.419711 0.556472 0.152600 0.797315
39 0.719933 0.589845 0.045603 0.135471
62 0.552502 0.461632 0.103184 0.167931
66 0.828799 0.574680 0.088230 0.049804
56 0.300434 0.731634 0.242440 0.520679
66 0.324538 0.450699 0.053968 0.054476
62 0.316491 0.368909 0.078003 0.124716
56 0.892320 0.804473 0.212737 0.391053
66 0.488694 0.579725 0.068513 0.064913
64 0.800646 0.614921 0.037477 0.028565
62 0.256058 0.327799 0.087364 0.107097
66 0.511381 0.544452 0.095445 0.061678
56 0.674074 0.853968 0.309562 0.292065
56 0.125782 0.420786 0.106318 0.264710
62 0.225712 0.296846 0.078483 0.085131
56 0.163153 0.280698 0.052941 0.082307
63 0.530338 0.479668 0.133618 0.206999
