0 0.583927 0.691278 0.213306 0.596011
56 0.118830 0.810349 0.220182 0.377233
56 0.278163 0.736765 0.158136 0.319454
56 0.373592 0.658074 0.121115 0.232093
63 0.251367 0.556473 0.084662 0.081597
39 0.767902 0.682025 0.030252 0.139453
62 0.189516 0.529833 0.037444 0.071967
62 0.135066 0.559073 0.084067 0.094602
39 0.797286 0.694603 0.030854 0.138683
56 0.441327 0.607659 0.079963 0.189686
66 0.089297 0.625240 0.096613 0.045428
66 0.021631 0.709638 0.042270 0.036797
56 0.327439 0.529096 0.059064 0.045101
