56 0.306521 0.730671 0.264485 0.519122
39 0.719669 0.589256 0.047053 0.139391
66 0.459917 0.569960 0.124253 0.080140
62 0.551863 0.460076 0.103104 0.165680
66 0.829545 0.572690 0.088121 0.055825
56 0.673810 0.859374 0.306510 0.281251
56 0.123042 0.418316 0.117580 0.278616
62 0.428844 0.441517 0.155367 0.173375
64 0.800479 0.614889 0.039150 0.027861
66 0.508865 0.538714 0.101305 0.070628
62 0.332505 0.369335 0.114442 0.126237
56 0.898345 0.788680 0.203115 0.353418
62 0.259596 0.328587 0.092969 0.107266
