0 0.459098 0.586820 0.294020 0.699705
39 0.719483 0.589815 0.045779 0.138811
56 0.333727 0.750097 0.290106 0.499805
62 0.332610 0.369173 0.111238 0.129243
66 0.828892 0.573849 0.088209 0.052612
64 0.800805 0.614813 0.038556 0.028490
56 0.674904 0.865508 0.300968 0.268985
62 0.253976 0.325970 0.088120 0.110155
56 0.123347 0.411472 0.111197 0.255046
62 0.227928 0.298452 0.082447 0.088416
62 0.162160 0.090165 0.044659 0.037386
56 0.164452 0.280686 0.051584 0.082494
56 0.897911 0.784898 0.201622 0.353757
56 0.168261 0.517256 0.113420 0.276804
