0 0.387350 0.617688 0.240494 0.587671
39 0.720275 0.589245 0.045790 0.139285
56 0.343642 0.747593 0.275231 0.504814
66 0.463340 0.572827 0.111422 0.083005
66 0.828811 0.574405 0.089435 0.054139
63 0.508758 0.481565 0.192142 0.208321
56 0.673700 0.868501 0.303293 0.262999
62 0.552092 0.461475 0.105164 0.167812
64 0.800792 0.615157 0.038023 0.028542
56 0.124166 0.413157 0.113191 0.257348
62 0.257334 0.327500 0.091649 0.108647
62 0.450618 0.438241 0.115196 0.153207
66 0.505470 0.539707 0.112897 0.063782
64 0.520905 0.609393 0.028518 0.022804
56 0.179301 0.525813 0.130869 0.264003
62 0.225531 0.297515 0.078452 0.085602
