0 0.420959 0.532107 0.168209 0.803146
39 0.719464 0.588922 0.046627 0.136873
66 0.829007 0.575937 0.088579 0.049980
56 0.674086 0.857649 0.310761 0.284703
63 0.544136 0.475417 0.121945 0.196849
64 0.800999 0.614745 0.037052 0.028262
56 0.300285 0.730964 0.245521 0.518112
62 0.544368 0.470506 0.120187 0.188414
62 0.257630 0.329143 0.087554 0.105344
56 0.124135 0.424190 0.110758 0.276405
62 0.312879 0.368935 0.072707 0.126301
62 0.163518 0.090275 0.044126 0.038305
62 0.226324 0.297808 0.079801 0.086037
56 0.896172 0.797119 0.206922 0.376301
56 0.167395 0.280657 0.057675 0.083427
