0 0.384934 0.619518 0.247141 0.600353
63 0.509059 0.482662 0.189588 0.203044
39 0.720014 0.588814 0.047178 0.137233
56 0.337441 0.745678 0.296335 0.508644
66 0.828577 0.573505 0.088214 0.054592
66 0.463177 0.573322 0.109796 0.082613
62 0.257141 0.326990 0.082632 0.103857
64 0.800393 0.615240 0.038833 0.028141
56 0.125132 0.423390 0.119035 0.280799
56 0.673778 0.863444 0.306354 0.273112
62 0.337162 0.375678 0.120182 0.142361
66 0.507111 0.539745 0.117729 0.062747
64 0.520714 0.609171 0.028081 0.023171
56 0.178186 0.524237 0.131510 0.262845
62 0.551272 0.461370 0.107011 0.167555
62 0.448407 0.439632 0.116092 0.154629
62 0.226384 0.297882 0.079460 0.085608
