0 0.436818 0.677546 0.169866 0.636179
0 0.186839 0.553480 0.108950 0.183109
63 0.079933 0.563509 0.095011 0.087169
39 0.619079 0.658052 0.027224 0.134652
56 0.118895 0.755045 0.174153 0.336703
56 0.230853 0.665996 0.114462 0.240399
56 0.314293 0.606774 0.089834 0.202059
39 0.646566 0.669132 0.028417 0.127545
56 0.026305 0.787114 0.052442 0.243329
62 0.015466 0.532096 0.029696 0.069340
63 0.015362 0.534304 0.030575 0.074399
69 0.497531 0.561822 0.052151 0.176526
56 0.283178 0.587224 0.070990 0.174055
56 0.291954 0.533299 0.053432 0.067220
