0 0.496857 0.681487 0.215093 0.630697
39 0.616676 0.658551 0.027291 0.133179
63 0.078953 0.564106 0.097189 0.087743
0 0.186732 0.558822 0.109880 0.191288
56 0.121800 0.761782 0.170959 0.321085
56 0.331597 0.602472 0.110614 0.196713
56 0.231752 0.667005 0.110443 0.234996
39 0.644594 0.674019 0.029562 0.123611
56 0.024382 0.778598 0.048687 0.256151
62 0.015199 0.532742 0.029435 0.072249
63 0.014922 0.535944 0.029845 0.077292
56 0.286634 0.578553 0.064262 0.151296
56 0.015009 0.535713 0.030019 0.077675
