39 0.616507 0.657444 0.027072 0.131897
63 0.078501 0.562452 0.096227 0.088511
0 0.187248 0.554490 0.111853 0.183822
56 0.334138 0.599579 0.103105 0.203483
56 0.235741 0.663146 0.112819 0.240125
56 0.119261 0.766317 0.168815 0.315524
62 0.483199 0.492353 0.071984 0.055230
39 0.643976 0.673437 0.029695 0.125671
62 0.015031 0.533471 0.029535 0.075746
63 0.014898 0.537202 0.029796 0.082082
56 0.027501 0.824348 0.055001 0.256719
56 0.119658 0.687691 0.132810 0.191859
69 0.592723 0.606429 0.122621 0.141300
