56 0.306522 0.728785 0.259239 0.519275
39 0.720317 0.587568 0.046343 0.137665
66 0.459347 0.569356 0.125582 0.078990
56 0.673097 0.860527 0.302430 0.278947
66 0.829739 0.572648 0.090921 0.055545
62 0.550516 0.460111 0.103593 0.170572
56 0.123107 0.422499 0.112033 0.279180
64 0.800961 0.613925 0.037079 0.027973
62 0.428449 0.441266 0.156381 0.171114
66 0.507865 0.538215 0.107081 0.069584
62 0.331326 0.370676 0.112056 0.130522
62 0.255362 0.325705 0.093244 0.112032
62 0.164998 0.281442 0.051857 0.081657
