56 0.307097 0.731231 0.258561 0.520820
39 0.720546 0.588678 0.045471 0.140070
66 0.461015 0.568759 0.130136 0.085798
62 0.551802 0.460620 0.105136 0.170717
56 0.672684 0.860322 0.304386 0.279356
66 0.830250 0.573826 0.089822 0.053452
62 0.428250 0.441955 0.158129 0.172209
64 0.801128 0.614853 0.037593 0.028499
56 0.124330 0.416944 0.114368 0.269596
62 0.331838 0.369478 0.110807 0.129983
66 0.514389 0.542739 0.098317 0.057345
62 0.255780 0.324979 0.091793 0.110496
56 0.145834 0.489014 0.084709 0.287694
56 0.165059 0.280651 0.057176 0.085237
66 0.484798 0.546786 0.159468 0.083372
