0 0.566262 0.516667 0.091322 0.293793
56 0.329679 0.601051 0.111035 0.205147
39 0.617693 0.657246 0.027205 0.132973
63 0.076024 0.562876 0.093875 0.089680
0 0.185000 0.557805 0.111455 0.181347
56 0.231563 0.665104 0.112075 0.242184
56 0.120642 0.763650 0.172265 0.325096
62 0.014558 0.531022 0.027905 0.070777
56 0.026052 0.793233 0.052104 0.234539
39 0.644790 0.672764 0.029502 0.120141
62 0.482245 0.492900 0.070852 0.056341
63 0.015015 0.534073 0.030029 0.076391
56 0.131993 0.662296 0.110920 0.160328
