0 0.386556 0.646221 0.249609 0.579062
62 0.552843 0.461412 0.099880 0.164053
66 0.829252 0.573284 0.089959 0.052138
66 0.463257 0.573820 0.108271 0.077835
56 0.328232 0.756022 0.270607 0.483747
39 0.720623 0.586952 0.047609 0.138178
62 0.332745 0.370060 0.106065 0.132102
64 0.800634 0.614176 0.038760 0.028945
66 0.505478 0.541267 0.113830 0.055572
64 0.520467 0.608570 0.032141 0.024358
56 0.178398 0.526377 0.129709 0.262600
56 0.121824 0.419500 0.108419 0.246119
62 0.256100 0.326255 0.079640 0.101170
