0 0.496257 0.681967 0.243419 0.630666
39 0.616783 0.659694 0.028611 0.138435
63 0.078624 0.563821 0.096474 0.087215
0 0.187179 0.555674 0.110719 0.183194
56 0.123099 0.763936 0.170204 0.314600
56 0.327849 0.603161 0.105799 0.200130
39 0.644798 0.673947 0.030181 0.127617
56 0.228263 0.668008 0.116338 0.233422
56 0.025902 0.771096 0.051805 0.272541
62 0.014988 0.532299 0.029356 0.073746
56 0.284648 0.583214 0.067957 0.160446
63 0.014799 0.535656 0.029598 0.076537
56 0.263704 0.618858 0.103033 0.215823
