0 0.431927 0.526774 0.172694 0.801141
39 0.720073 0.590214 0.045016 0.137851
63 0.533468 0.479214 0.142859 0.193025
62 0.318089 0.368322 0.082353 0.125731
66 0.828694 0.575066 0.088919 0.050976
56 0.300828 0.731461 0.245896 0.511924
62 0.257575 0.327396 0.091587 0.108300
64 0.800818 0.615037 0.038368 0.028489
56 0.122895 0.419411 0.110281 0.263295
56 0.673325 0.860118 0.309227 0.279764
62 0.227369 0.297937 0.081118 0.087488
56 0.897717 0.789608 0.202079 0.360764
62 0.553643 0.463587 0.106366 0.166035
66 0.516599 0.544304 0.099470 0.059781
56 0.165280 0.280658 0.053941 0.083824
