0 0.420433 0.551141 0.159240 0.809525
39 0.719820 0.590199 0.045846 0.137835
66 0.828891 0.574359 0.088145 0.051484
56 0.301297 0.729105 0.244943 0.525162
66 0.492241 0.582130 0.059303 0.058552
62 0.539471 0.467759 0.128425 0.180671
62 0.254169 0.327035 0.086862 0.109875
64 0.800734 0.614919 0.037547 0.027882
62 0.316625 0.366807 0.079530 0.126239
56 0.893859 0.804163 0.209950 0.391674
56 0.673944 0.857449 0.310943 0.285102
56 0.124061 0.417129 0.109740 0.259697
63 0.534044 0.477912 0.141723 0.198628
66 0.513576 0.544868 0.094525 0.060135
62 0.225391 0.297218 0.078962 0.085960
62 0.164828 0.280361 0.054311 0.082398
56 0.143338 0.479031 0.082443 0.236314
