0 0.387771 0.638445 0.249116 0.567956
56 0.312530 0.747920 0.248677 0.502508
39 0.721342 0.591369 0.045019 0.135757
66 0.830991 0.573934 0.089529 0.055655
62 0.552222 0.461810 0.102922 0.168545
62 0.333324 0.374237 0.111984 0.129845
66 0.463161 0.574133 0.114873 0.079595
64 0.521014 0.609528 0.030939 0.024778
64 0.799683 0.615484 0.038056 0.030642
66 0.506947 0.539051 0.126587 0.066380
56 0.675807 0.859921 0.301595 0.280158
62 0.257844 0.327214 0.085705 0.103767
63 0.511727 0.482415 0.178933 0.207636
56 0.124425 0.421750 0.109435 0.274141
62 0.163384 0.280148 0.054244 0.081989
56 0.168547 0.519742 0.115147 0.273515
