0 0.575675 0.679472 0.233250 0.641056
56 0.280328 0.739544 0.155588 0.317144
56 0.120272 0.812850 0.216156 0.372316
56 0.373932 0.657916 0.118926 0.230082
63 0.250385 0.555887 0.079731 0.078846
39 0.767080 0.682045 0.029845 0.138990
62 0.190033 0.529516 0.038817 0.070508
62 0.136688 0.557948 0.082681 0.094949
66 0.021733 0.711498 0.042387 0.040026
39 0.796743 0.694753 0.029947 0.142987
56 0.327796 0.528682 0.058129 0.044994
66 0.086592 0.625422 0.101219 0.045243
69 0.623176 0.594893 0.099284 0.155068
