0 0.587488 0.694882 0.227518 0.604757
56 0.373959 0.657759 0.122808 0.231487
56 0.120409 0.809642 0.216327 0.379183
56 0.279310 0.736865 0.158445 0.317609
63 0.250275 0.556413 0.082691 0.081301
39 0.767804 0.682655 0.030741 0.142342
62 0.189336 0.529884 0.036918 0.073243
62 0.135427 0.559013 0.083040 0.094954
39 0.797422 0.694405 0.031559 0.141887
56 0.432435 0.578978 0.075083 0.135977
67 0.709363 0.768930 0.040004 0.036022
66 0.021909 0.711937 0.042690 0.037758
56 0.327085 0.528987 0.058231 0.045352
63 0.080567 0.577202 0.061101 0.108339
66 0.089881 0.625524 0.086157 0.040021
