0 0.496883 0.681058 0.201510 0.632726
63 0.081061 0.564870 0.096858 0.085571
56 0.331362 0.603610 0.108211 0.201614
0 0.187325 0.552959 0.111090 0.181062
39 0.618190 0.659110 0.026851 0.130566
56 0.119179 0.769054 0.177796 0.312389
56 0.231860 0.666901 0.110924 0.233929
62 0.015907 0.530651 0.030508 0.071067
56 0.026412 0.776724 0.052825 0.263986
63 0.015615 0.532698 0.031229 0.072279
39 0.646195 0.670597 0.028329 0.125456
62 0.031013 0.304844 0.056838 0.075032
56 0.131871 0.658361 0.106622 0.145804
