0 0.437358 0.582069 0.179286 0.833323
39 0.720259 0.588350 0.046737 0.138710
62 0.554629 0.467377 0.098422 0.175480
66 0.829388 0.573059 0.088372 0.053833
64 0.801347 0.614708 0.036359 0.027676
56 0.297103 0.738943 0.243768 0.513936
62 0.329802 0.367095 0.105549 0.129662
56 0.123654 0.416285 0.107955 0.257174
62 0.256694 0.326516 0.089274 0.106124
66 0.326097 0.451672 0.047262 0.054378
62 0.227493 0.297027 0.084322 0.086081
66 0.540066 0.547427 0.043409 0.043863
56 0.676117 0.853223 0.314111 0.293554
56 0.165359 0.279756 0.053411 0.082762
