0 0.388549 0.639879 0.251935 0.586559
56 0.324516 0.746089 0.275744 0.507822
39 0.720662 0.586375 0.047132 0.137190
64 0.801229 0.613441 0.036526 0.028809
66 0.461185 0.570838 0.112025 0.081884
62 0.550857 0.461231 0.103709 0.170461
62 0.333726 0.369627 0.111931 0.133544
66 0.829474 0.572171 0.089854 0.049983
56 0.122471 0.420856 0.113024 0.273212
64 0.520206 0.605792 0.032254 0.025451
66 0.498115 0.538725 0.129522 0.065401
62 0.256337 0.324854 0.086381 0.105989
63 0.506673 0.477642 0.187515 0.204883
56 0.672816 0.865146 0.297949 0.268439
56 0.169388 0.518423 0.115106 0.269633
62 0.166288 0.276472 0.059655 0.085694
