0 0.586968 0.696683 0.224768 0.605768
56 0.279284 0.737090 0.157016 0.317694
56 0.373305 0.656560 0.124793 0.233831
56 0.118882 0.813652 0.219027 0.371616
63 0.249967 0.556313 0.082037 0.080922
62 0.189700 0.529556 0.036382 0.070914
39 0.767992 0.682967 0.030357 0.143208
62 0.134377 0.558533 0.085805 0.095305
56 0.432641 0.578144 0.075780 0.131622
66 0.089003 0.626319 0.094129 0.043887
66 0.021930 0.712070 0.042965 0.037942
39 0.797239 0.692936 0.030866 0.140540
56 0.406859 0.614631 0.123852 0.197681
