0 0.585972 0.687449 0.211822 0.619673
56 0.118808 0.813494 0.218740 0.371289
56 0.278232 0.736102 0.158820 0.319595
56 0.372951 0.656958 0.120915 0.234202
63 0.250721 0.556363 0.082460 0.080391
39 0.767897 0.682950 0.030466 0.140616
62 0.188931 0.529735 0.037589 0.071753
62 0.135990 0.558886 0.082476 0.094766
56 0.433634 0.577592 0.067838 0.123583
66 0.021685 0.711773 0.042380 0.037554
39 0.797000 0.693715 0.030255 0.140459
67 0.710572 0.767362 0.040898 0.032659
56 0.407185 0.618337 0.124216 0.198722
66 0.087564 0.626920 0.090337 0.041382
