0 0.617822 0.695773 0.286325 0.608455
56 0.279309 0.737143 0.156473 0.318449
56 0.373776 0.658479 0.122741 0.231498
56 0.118773 0.820692 0.219677 0.356550
63 0.250078 0.556315 0.083157 0.081081
39 0.767867 0.683276 0.030624 0.142262
62 0.190141 0.530075 0.035995 0.072653
62 0.136198 0.558638 0.081607 0.095686
56 0.432696 0.588201 0.077287 0.154631
66 0.086689 0.628329 0.091075 0.041898
39 0.797254 0.692009 0.030543 0.142382
64 0.135839 0.607810 0.014946 0.021160
66 0.021983 0.709338 0.043007 0.036192
