0 0.586525 0.695390 0.229215 0.604199
56 0.278779 0.733999 0.156841 0.321498
56 0.373744 0.657340 0.121556 0.229982
56 0.120588 0.822108 0.215487 0.354668
63 0.248680 0.556509 0.078532 0.079680
39 0.768275 0.683165 0.030120 0.143228
62 0.137056 0.557666 0.079507 0.093964
62 0.189291 0.529310 0.037677 0.071946
39 0.797384 0.694652 0.030597 0.145606
56 0.434148 0.589500 0.076348 0.159397
66 0.088256 0.626658 0.097225 0.046505
67 0.723283 0.787702 0.065498 0.029307
66 0.021582 0.710438 0.042068 0.037717
