0 0.460384 0.547835 0.233144 0.765955
63 0.535571 0.498930 0.128417 0.151365
56 0.332708 0.749608 0.295394 0.500783
39 0.718979 0.589921 0.048046 0.138794
56 0.674722 0.867356 0.304245 0.265289
66 0.829082 0.573131 0.088178 0.054420
62 0.254230 0.326908 0.086864 0.109405
62 0.332027 0.369901 0.107201 0.126282
64 0.800728 0.615034 0.037196 0.027549
56 0.123736 0.410458 0.114015 0.251468
62 0.226229 0.297546 0.079404 0.086950
66 0.535028 0.503565 0.121704 0.144094
62 0.163629 0.090099 0.042931 0.036634
56 0.899000 0.771221 0.198512 0.329154
66 0.489958 0.584434 0.059701 0.052706
56 0.163663 0.280512 0.052941 0.083378
56 0.175102 0.522038 0.126318 0.267716
