0 0.389906 0.626868 0.230064 0.589422
39 0.720444 0.589227 0.047069 0.139411
56 0.346087 0.750730 0.281773 0.498540
63 0.513007 0.481432 0.182817 0.202610
66 0.828490 0.576040 0.088471 0.049493
64 0.800815 0.614905 0.038324 0.028063
66 0.464696 0.574392 0.106383 0.080518
56 0.674167 0.856694 0.309713 0.286612
62 0.257923 0.327782 0.093232 0.107454
56 0.123599 0.412751 0.115574 0.260693
62 0.337357 0.372889 0.123831 0.134326
66 0.505524 0.538992 0.111932 0.060297
62 0.551924 0.461982 0.106581 0.170334
56 0.178386 0.522868 0.129897 0.269042
62 0.226365 0.297492 0.080715 0.085691
62 0.451147 0.438724 0.112794 0.155453
64 0.520623 0.608892 0.028177 0.023472
56 0.898684 0.759718 0.199614 0.313382
