0 0.589624 0.681269 0.234492 0.635035
56 0.278602 0.740017 0.159234 0.317780
56 0.371541 0.657092 0.121956 0.236848
56 0.120366 0.819477 0.211007 0.360485
63 0.248880 0.556419 0.081664 0.081856
39 0.768862 0.682118 0.030832 0.140505
62 0.188373 0.530983 0.037134 0.072317
62 0.136105 0.559611 0.080843 0.095892
69 0.641403 0.594989 0.066202 0.124733
39 0.798068 0.692086 0.031435 0.141947
56 0.431632 0.584298 0.078139 0.152982
56 0.460118 0.607066 0.097155 0.188322
56 0.485572 0.579521 0.060222 0.141173
66 0.087872 0.628858 0.096932 0.044180
