0 0.387208 0.640652 0.248391 0.571828
39 0.721034 0.590663 0.043996 0.137749
56 0.321098 0.750545 0.249545 0.498909
66 0.463222 0.573382 0.114622 0.081240
66 0.829907 0.575079 0.090321 0.051672
62 0.552220 0.459240 0.101509 0.159447
62 0.333064 0.372662 0.111880 0.133403
64 0.800421 0.615666 0.041402 0.028930
64 0.520972 0.608747 0.031615 0.024660
63 0.507652 0.481703 0.184807 0.206542
56 0.175651 0.522839 0.129853 0.270686
62 0.256535 0.326756 0.083437 0.105521
66 0.504764 0.538380 0.121739 0.066353
56 0.673984 0.871026 0.298545 0.257948
56 0.125257 0.421080 0.110272 0.265561
