0 0.591593 0.691879 0.221733 0.607314
56 0.374194 0.657716 0.118540 0.229941
56 0.278983 0.733316 0.157063 0.321634
56 0.121004 0.818108 0.215680 0.361246
63 0.249089 0.556309 0.080757 0.079621
39 0.767870 0.682140 0.030385 0.141933
62 0.136711 0.557940 0.078722 0.095956
62 0.190167 0.529608 0.035707 0.071273
56 0.437857 0.607172 0.089101 0.184111
67 0.709348 0.766438 0.038235 0.027791
66 0.090490 0.627349 0.090270 0.042820
66 0.022077 0.712540 0.043384 0.035795
39 0.797350 0.693470 0.031699 0.144409
56 0.328694 0.527083 0.060970 0.043314
