0 0.400750 0.678140 0.201226 0.643721
63 0.078088 0.563128 0.096998 0.086769
39 0.616959 0.658636 0.026530 0.130468
0 0.185850 0.554018 0.111537 0.182438
56 0.118373 0.768110 0.175898 0.313701
56 0.229847 0.666698 0.115778 0.231090
62 0.014476 0.531983 0.028379 0.072295
56 0.023655 0.789034 0.047065 0.231019
69 0.590160 0.595394 0.131154 0.127016
39 0.644837 0.673810 0.029710 0.122772
62 0.028393 0.305947 0.053755 0.069776
0 0.159928 0.513657 0.061289 0.105440
56 0.274837 0.618473 0.070228 0.160261
41 0.571841 0.710452 0.028064 0.041732
56 0.133018 0.655484 0.109097 0.144018
