56 0.278918 0.738964 0.156399 0.310156
63 0.249877 0.556206 0.078810 0.077945
56 0.376067 0.657265 0.113930 0.228407
56 0.121775 0.810342 0.214380 0.375770
39 0.766338 0.682357 0.029534 0.138796
62 0.137889 0.558585 0.079385 0.095667
56 0.494586 0.604346 0.074525 0.186880
62 0.190094 0.529815 0.037583 0.072521
66 0.088365 0.626266 0.101821 0.048499
66 0.021592 0.712783 0.042663 0.035638
69 0.621882 0.579358 0.108051 0.184348
39 0.796162 0.693374 0.030561 0.145502
56 0.444540 0.608151 0.089018 0.187707
