0 0.435643 0.567309 0.167605 0.852948
39 0.720164 0.589903 0.045601 0.136559
63 0.549214 0.474424 0.109650 0.193462
66 0.829031 0.573368 0.088051 0.053691
56 0.295281 0.734728 0.238887 0.521891
64 0.801136 0.614774 0.036603 0.028365
56 0.122404 0.415760 0.109806 0.261255
62 0.552698 0.465690 0.103984 0.173928
66 0.531626 0.535286 0.072887 0.061686
56 0.674399 0.869478 0.306113 0.261045
62 0.256137 0.327333 0.086260 0.104442
62 0.327015 0.370338 0.101000 0.131138
56 0.165949 0.279596 0.055865 0.083751
56 0.897672 0.778357 0.203219 0.340650
