0 0.405256 0.638079 0.212246 0.597188
62 0.333595 0.370686 0.108497 0.123969
39 0.720419 0.589169 0.045805 0.138042
56 0.333657 0.747394 0.290402 0.498810
66 0.828931 0.573697 0.088036 0.053434
56 0.674449 0.863141 0.309281 0.273717
64 0.801136 0.614771 0.037280 0.028193
62 0.551541 0.460351 0.104324 0.170415
56 0.894174 0.805744 0.208627 0.388513
62 0.255697 0.327786 0.088297 0.108525
63 0.518935 0.475159 0.163420 0.197204
56 0.123211 0.410921 0.112621 0.255800
66 0.509387 0.537915 0.101415 0.067817
64 0.520619 0.609219 0.028977 0.021884
62 0.225854 0.297663 0.079262 0.085689
66 0.488640 0.586105 0.057168 0.049009
56 0.178164 0.522050 0.129092 0.268235
62 0.466062 0.436805 0.089639 0.153652
