56 0.279448 0.734187 0.154495 0.317721
56 0.373497 0.657185 0.120490 0.230798
63 0.250162 0.556980 0.077915 0.078312
56 0.122875 0.840144 0.213394 0.319713
39 0.766229 0.681735 0.029128 0.136280
62 0.137996 0.559169 0.078766 0.095941
56 0.493382 0.604333 0.079601 0.189985
62 0.190777 0.530175 0.038155 0.070505
66 0.089071 0.629322 0.099126 0.048910
62 0.629531 0.504822 0.068957 0.060706
66 0.022663 0.712858 0.044355 0.036809
39 0.796211 0.695167 0.031137 0.145578
56 0.436153 0.592720 0.074517 0.169687
