56 0.308517 0.728336 0.263150 0.533461
39 0.719869 0.588827 0.045442 0.138733
62 0.552147 0.460512 0.101578 0.165243
66 0.461379 0.568231 0.129997 0.086139
62 0.332317 0.368942 0.110270 0.129162
66 0.829220 0.574835 0.089088 0.050400
56 0.124514 0.417470 0.113998 0.268042
62 0.428373 0.438997 0.159204 0.170692
56 0.677048 0.837759 0.315624 0.324482
66 0.514246 0.543075 0.096395 0.054786
64 0.798958 0.612469 0.037696 0.027383
62 0.164458 0.281229 0.053067 0.084938
62 0.245545 0.320517 0.099155 0.114968
66 0.326828 0.452762 0.044463 0.050099
62 0.226104 0.298727 0.080112 0.088313
66 0.486009 0.544276 0.156807 0.075308
