0 0.419865 0.550135 0.169574 0.809832
39 0.719762 0.589082 0.045877 0.137354
66 0.829145 0.573731 0.089703 0.053381
56 0.302716 0.730931 0.250048 0.523714
63 0.533001 0.481322 0.143322 0.204226
66 0.488241 0.578039 0.068277 0.062410
56 0.892796 0.802974 0.211033 0.394052
62 0.552265 0.462198 0.105246 0.168662
64 0.801115 0.614664 0.037049 0.028327
56 0.674394 0.862802 0.311802 0.274397
56 0.119258 0.392142 0.108785 0.226658
62 0.320218 0.367271 0.087439 0.124777
62 0.256030 0.328481 0.086074 0.105180
66 0.514079 0.545282 0.096070 0.058799
62 0.225744 0.296954 0.079872 0.085353
56 0.164361 0.279843 0.053523 0.082398
56 0.141732 0.478469 0.085269 0.237115
