56 0.306673 0.725862 0.262501 0.531652
39 0.719418 0.588136 0.045005 0.140174
66 0.460584 0.571052 0.121832 0.079744
56 0.123064 0.418739 0.114506 0.278711
62 0.551329 0.460367 0.103418 0.168197
62 0.429093 0.441878 0.154474 0.168240
62 0.330980 0.370486 0.109464 0.129073
66 0.829502 0.575091 0.088930 0.052756
64 0.800271 0.614952 0.039984 0.028999
66 0.504848 0.538103 0.115724 0.074039
62 0.256816 0.326516 0.093660 0.111398
56 0.671815 0.861614 0.300437 0.275338
56 0.163107 0.280755 0.048728 0.081064
