56 0.279953 0.732624 0.154369 0.319953
56 0.374509 0.658859 0.115016 0.228354
63 0.249214 0.555330 0.078140 0.077741
56 0.126810 0.814996 0.205464 0.365625
39 0.766379 0.682016 0.029385 0.136904
56 0.488876 0.604791 0.086891 0.192124
62 0.190617 0.529804 0.037826 0.072815
62 0.137094 0.558125 0.080484 0.095265
66 0.089506 0.627068 0.100018 0.048063
66 0.022822 0.713284 0.045089 0.036851
62 0.629340 0.503749 0.066794 0.058461
39 0.796289 0.695324 0.030691 0.144259
56 0.444445 0.607382 0.092852 0.196879
