0 0.601908 0.695454 0.244299 0.599890
56 0.277885 0.736154 0.158326 0.320906
56 0.119945 0.814345 0.218006 0.369983
56 0.373739 0.657370 0.120998 0.233006
63 0.250191 0.556251 0.082938 0.080780
39 0.767844 0.682720 0.030692 0.142397
62 0.189470 0.529343 0.036625 0.070912
62 0.135430 0.558895 0.084061 0.094597
39 0.797276 0.693219 0.030843 0.140068
56 0.432823 0.591663 0.080623 0.166013
66 0.090664 0.626285 0.093168 0.043934
66 0.022217 0.711012 0.043263 0.036997
63 0.081558 0.576852 0.062356 0.103289
