0 0.495592 0.687044 0.211744 0.610441
39 0.618206 0.658171 0.027676 0.132008
0 0.186217 0.552657 0.111487 0.180452
63 0.078435 0.564505 0.100518 0.089783
56 0.328199 0.604586 0.113541 0.204757
56 0.118509 0.786333 0.180012 0.275582
56 0.231445 0.661860 0.109562 0.227839
39 0.645466 0.671850 0.029474 0.122276
62 0.014205 0.532490 0.027819 0.072829
56 0.025807 0.779318 0.051613 0.257511
56 0.014695 0.535746 0.029390 0.079137
56 0.286840 0.577263 0.070296 0.155573
63 0.014640 0.536052 0.029280 0.078358
56 0.122258 0.674812 0.124959 0.161767
