0 0.586713 0.696224 0.221660 0.601264
56 0.120995 0.809587 0.214709 0.378336
56 0.278864 0.732776 0.157774 0.321473
56 0.374274 0.658319 0.118125 0.228847
63 0.248769 0.556483 0.078414 0.079362
39 0.767605 0.683054 0.030190 0.142212
62 0.189495 0.529324 0.037965 0.070399
62 0.137172 0.558850 0.078439 0.095780
56 0.434824 0.586383 0.074488 0.155709
39 0.797281 0.694375 0.030758 0.143955
66 0.021615 0.712001 0.042099 0.036819
56 0.408880 0.619363 0.118062 0.208278
66 0.090660 0.626645 0.091024 0.044194
56 0.328901 0.526817 0.060999 0.043697
