56 0.279006 0.736853 0.156584 0.309826
56 0.372854 0.658219 0.123134 0.228719
56 0.120401 0.808499 0.209574 0.378243
39 0.766309 0.682139 0.028485 0.138080
63 0.251083 0.557688 0.079450 0.078611
56 0.482736 0.605309 0.095302 0.185946
62 0.137236 0.559471 0.079865 0.096636
62 0.190702 0.531308 0.036594 0.070811
66 0.091817 0.627491 0.097371 0.048697
39 0.795854 0.693225 0.030311 0.146065
66 0.022379 0.716125 0.043961 0.038901
62 0.633449 0.503218 0.074149 0.057081
69 0.621503 0.578050 0.104967 0.181749
