0 0.620574 0.685519 0.273397 0.625334
56 0.372349 0.657830 0.118560 0.232398
56 0.119433 0.820406 0.217101 0.358524
56 0.279488 0.736972 0.156695 0.316361
63 0.249865 0.556480 0.081571 0.080235
39 0.768129 0.683379 0.031609 0.145204
62 0.189598 0.529226 0.035845 0.068962
62 0.136645 0.558405 0.079866 0.094285
56 0.428563 0.583744 0.080132 0.150467
39 0.797269 0.693207 0.030335 0.138459
66 0.089977 0.626330 0.092185 0.043101
66 0.022464 0.711319 0.043752 0.039682
56 0.327505 0.528595 0.058776 0.045350
