0 0.408965 0.631078 0.219169 0.579999
62 0.334336 0.372174 0.109625 0.128122
39 0.720313 0.589594 0.045295 0.138367
63 0.530567 0.477447 0.147120 0.194125
66 0.828902 0.572992 0.088996 0.055369
56 0.329749 0.744738 0.291556 0.505640
56 0.674670 0.866718 0.305048 0.266565
64 0.801533 0.614618 0.036170 0.027249
62 0.257370 0.327683 0.091710 0.107397
56 0.125047 0.416442 0.113075 0.265424
64 0.520013 0.608410 0.031294 0.024589
56 0.896348 0.795700 0.204014 0.373092
62 0.226249 0.297527 0.080691 0.085575
56 0.177091 0.520466 0.129261 0.274517
62 0.551582 0.462958 0.107991 0.170414
62 0.163249 0.089646 0.042935 0.037794
56 0.164703 0.279382 0.051862 0.081009
