0 0.625691 0.689391 0.292688 0.621218
56 0.121867 0.813516 0.215749 0.372588
56 0.279332 0.738704 0.157328 0.310968
56 0.372155 0.657529 0.121985 0.233603
63 0.250139 0.556735 0.081059 0.080931
39 0.768169 0.683061 0.030869 0.143028
62 0.188933 0.529214 0.037062 0.070786
62 0.137089 0.558755 0.080003 0.095139
56 0.427471 0.581210 0.082329 0.144106
39 0.797472 0.693956 0.031186 0.141843
66 0.022075 0.711489 0.043108 0.036905
66 0.089818 0.626975 0.088920 0.042155
56 0.327874 0.528633 0.059023 0.045388
