0 0.593987 0.693780 0.233668 0.605442
56 0.119995 0.810722 0.218050 0.375962
56 0.278944 0.737090 0.158687 0.318596
56 0.373243 0.657838 0.121820 0.231542
63 0.250068 0.556697 0.082090 0.081366
39 0.767663 0.683493 0.031202 0.145204
62 0.189754 0.529918 0.036273 0.072078
62 0.135838 0.559061 0.082019 0.094775
56 0.432427 0.578648 0.072891 0.133305
39 0.797417 0.692475 0.031430 0.142805
66 0.027819 0.708100 0.054423 0.038009
66 0.090037 0.625701 0.090737 0.041054
56 0.410663 0.613042 0.110866 0.196204
63 0.080661 0.577003 0.062327 0.108261
64 0.136524 0.606944 0.013453 0.019652
