56 0.308067 0.730619 0.261774 0.516018
56 0.673923 0.862760 0.305505 0.274479
62 0.552406 0.459032 0.102791 0.168800
39 0.719475 0.589734 0.046344 0.136673
66 0.461700 0.568902 0.129902 0.085833
66 0.829111 0.575922 0.089767 0.049423
64 0.800753 0.614869 0.038227 0.028618
62 0.432774 0.441494 0.150681 0.172567
56 0.120875 0.398193 0.110995 0.236573
62 0.333012 0.370199 0.112673 0.129263
66 0.512122 0.539548 0.098106 0.067785
56 0.893167 0.806082 0.212502 0.387836
62 0.258334 0.329851 0.089732 0.106409
62 0.162371 0.090237 0.045103 0.036259
56 0.140564 0.481216 0.099499 0.313728
62 0.227044 0.298501 0.082051 0.088105
