0 0.409008 0.535825 0.145612 0.792163
63 0.535751 0.480893 0.137501 0.206163
39 0.719539 0.589709 0.045823 0.136905
66 0.828981 0.575315 0.088042 0.050377
66 0.494233 0.582192 0.054403 0.057303
62 0.256629 0.327492 0.090368 0.106571
56 0.301657 0.731377 0.247479 0.519750
56 0.123420 0.417935 0.109737 0.262606
56 0.675606 0.843916 0.317064 0.312169
64 0.799373 0.612586 0.036717 0.026972
62 0.312483 0.369184 0.072416 0.125931
62 0.226616 0.298065 0.080584 0.086329
62 0.535214 0.475928 0.135479 0.194208
56 0.894656 0.802008 0.209738 0.385609
62 0.290549 0.342795 0.119316 0.123098
56 0.165486 0.281101 0.054856 0.083864
62 0.163093 0.089867 0.043063 0.037307
