0 0.600130 0.696181 0.241797 0.604517
56 0.278194 0.737269 0.158855 0.318657
56 0.374404 0.657921 0.120451 0.232212
56 0.119504 0.813155 0.217281 0.371344
63 0.250393 0.556521 0.083095 0.080880
39 0.768007 0.682930 0.031083 0.142341
62 0.189543 0.529764 0.036714 0.071338
62 0.135386 0.558361 0.083706 0.094387
39 0.797294 0.694751 0.031079 0.139990
66 0.093663 0.624530 0.088187 0.038186
56 0.432613 0.587805 0.077117 0.156444
66 0.022003 0.712440 0.043011 0.036115
64 0.136260 0.607132 0.013697 0.019406
