0 0.585567 0.684046 0.227102 0.631908
56 0.277928 0.739357 0.160881 0.313084
56 0.372518 0.654976 0.124687 0.237712
63 0.248727 0.556840 0.081718 0.082056
56 0.121802 0.826951 0.212293 0.346097
39 0.768497 0.683252 0.031424 0.141713
62 0.189291 0.530621 0.036638 0.071710
62 0.136511 0.558966 0.079849 0.095469
56 0.429238 0.582531 0.080649 0.146828
66 0.087615 0.627835 0.095047 0.044843
39 0.797540 0.694042 0.030754 0.145098
56 0.449830 0.612015 0.085453 0.188337
66 0.026617 0.707299 0.052221 0.036088
